28.62939947013885
8.065607090927642
11.5532166683467
41.78671568818313
124.3535553600702
31.275886411270015
23.831565307175133
31.711772655493636
48.23542328239262
28.12611711621667
18.047384832048625
29.169106070545837
37.582885597834924
24.898635931536585
39.74923952764423
63.0985606304676
41.4364395308237
36.26255802770385
90.19341485852924
10.323847887599024
8.295600474125747
63.43423313615825
68.08484512123393
27.17302304228116
55.90856772198533
23.14734073761446
51.7603144007222
69.99725154799201
45.11454599679266
32.27866458129505
31.96410230744761
44.44276935503823
19.743261980534385
22.359026867705516
20.437259367820793
32.48183655768116
68.83647140537958
47.08152361613608
34.17430180338934
21.618354284076627
30.556469068163985
25.447018556559755
6.080410609727536
28.77795257694431
26.039486217638842
34.51194509445301
24.521463213990444
88.06469273506426
30.372674644728058
32.96166298499598
95.07267471254949
12.725644106763667
30.93791827895842
30.08480243510975
104.36917834947307
65.73685988165433
28.514906615688524
76.38581514910521
17.28776338185206
64.45681489562742
55.52180526913379
21.297503292051832
80.31424697065637
52.91548156615868
15.845778597467095
36.34378847753554
18.01194720152958
17.671493431119835
19.90519193601258
16.937331504491954
10.201542801409689
79.84368854069875
34.21866261953748
49.41774456034807
21.16579721965535
21.55187323937621
57.946823257343596
58.98778964916677
78.8560168685881
13.789936904113606
56.07056592039797
116.11856933469272
32.892641657510325
104.28344093850178
43.644192729821995
7.803421340871335
24.485248710563283
11.572205815897318
18.072140836883463
74.68329576029983
72.03176709252949
9.188325491374297
70.37202115367361
21.6502410711878
25.25270698253445
47.16882385133494
22.61050284368924
19.546099423905
14.716537987601438
17.257598760129532
