0.4345003783253007
1.0150503910871578
1.0204891239293576
0.4212017895165573
0.41378202521003965
1.0609062843289465
0.4673549113642746
0.8739968086742097
0.4861218978935573
0.5281048973558997
0.4740502124218468
0.44946223408378666
0.37016215599835584
0.5055639449255379
1.0690912498541507
0.42934323032773275
0.4499655050937314
0.9995661333881988
0.9787341862327859
0.4535701792739371
0.46108771055072606
1.1165175810309325
1.017967750280461
0.47528636035599797
0.5496287211057295
0.5641264986916091
0.3488303575566518
0.45129688499146126
0.4846311388322541
0.999608558565197
1.121532498578201
0.4419769358122872
0.3957534915887709
0.36117041411726175
0.4327169545001521
0.9974054570972
1.0011261326655843
0.4653014038810098
0.9882457228133154
1.0472449484654547
0.5153838847860865
1.0000220020523956
0.3009473487894631
0.3544159330289662
1.0026352417247069
0.9955372663730231
0.34281948226047204
0.38603439784943727
1.0089726161291819
1.0001668625380622
0.4982368834250445
0.49904177238618597
1.0009673665497483
0.5968197615188552
0.5254175198213109
0.42615276960335424
1.0657146715510535
0.5075261671769756
1.142811387730725
0.9610741560782818
0.4148671542564916
0.4257801031906288
1.0931828535161106
1.0083751938430112
1.0703268246060331
0.41431163734271864
0.9917413258637667
0.9978524189907002
1.0013573510255336
0.44239303729618207
1.0599901445709632
0.40175712108992134
0.9829253065644282
0.37701606598812193
0.45816487546715234
0.999836616780073
0.4229044108264364
0.5930296152122478
1.1507952832922865
0.47363891085099386
0.9674064709924796
1.0035144517306072
0.45806283435928224
0.4598546316465963
0.4287026479466153
0.4315206041436703
0.4572190265267621
0.4839700250111915
0.42673523176540235
0.41099583153641606
0.42085163337016696
2.4186862824269553
0.4848522060116786
0.3609555486744298
0.49270448137903655
1.0007478926920126
0.4033781831350101
0.46694176045999325
0.5247467996351518
0.39680195621818437
