1.0010087749555319
0.9308975350086404
0.8488805688605253
1.372136664860687
0.9202180262090598
1.3034793211588236
1.5122231088944593
1.6459203309713364
0.8252728302668186
1.3796690233618205
0.8975264158201288
0.9694167665190863
1.1051728781051464
0.832452581624613
0.7163456523125495
1.0161484759858472
0.9833240521721357
0.8290709191406538
1.223473899162766
0.9890115234888913
0.9610694061381604
0.9082479231671484
0.8348968818098809
1.0288273730088915
0.7546601620204852
1.560171408524894
1.1107206389761344
2.887438970463678
0.8513598243277113
0.8131793488444699
0.8245680996399678
1.1565179621722321
1.090138074903361
1.1295989969009343
1.1511386771802095
0.8203011488560388
0.9409723760915494
0.929555614914757
1.0294355486766447
0.8325179719790253
0.9321805900304894
0.9999882472417602
1.109877133381027
1.0766241031947896
0.8494505169687587
0.7869696026834583
1.1990077712549148
0.9898185678036326
0.7958940356301093
0.9930824840894419
0.8462360799210387
0.9442212165150822
0.882894529442103
1.551792781356969
0.9662907297725677
1.104870033934388
0.758970498590068
0.8759138353903345
1.2858513740807918
1.2331978058541586
1.1924746728071443
0.9820862832161289
1.0028400716007162
0.7823393835651198
0.7711868571417402
1.0036794891120004
1.0725077181553584
0.8398197201121259
0.8149649070647843
0.9892022520795996
1.2925829364025239
1.102066296898345
0.5922453184979113
1.0898629567131795
0.963951988618447
0.7989199057803207
1.039743851535506
1.0244962741525268
0.9778492210113575
0.8782808212800086
1.236004481420047
0.837674471018095
1.0151801132805567
0.8572897051970946
1.2114296050337874
0.960204303824783
0.9360012926228767
0.769760874036167
1.131610461670259
1.2658477463880309
0.97118129636284
1.3882021977802759
1.7422235526379288
1.2307005846122034
0.7657044720767113
0.8734048635344512
0.9681106993916823
0.7864882819943706
0.8262723737652945
1.029131479831575
