-0.017297515902474834 0.044829875880099006 0.011935318919954231 0.062088395989641096 0.12193819310262317 0.0077221010906606035 0.10167760509538291 -0.01598996208856715 0.037155375525669845 0.07036525520344097 0.045246121500177656 0.029757845906765563 0.11642805145255379 0.13812366416570881 0.01579105942667874 
-0.05278177639253037 -0.009009651282282762 0.021778092731845958 0.10773595939009636 -0.06983227835238924 0.029659734451170545 -0.08501525759645123 0.09441433888146107 0.019322051265535514 0.006622173296954065 0.11071840986325661 0.01799538262735269 -0.14326163496839986 -0.12203625916873566 0.00709201543102597 
-0.15449751200421522 -0.06818069503358089 0.01363150862991542 0.13724146501659287 0.12523702546626486 0.034264963642464695 0.1493159567203587 0.14141083220147915 0.02149246199989119 0.10160840842914039 0.13378280629324021 0.017935479352781433 0.15389803799259796 0.1462013866064695 0.009175155577663597 
-0.07632253105286327 -0.04603586239041933 0.020675492726745008 -0.061601172978293074 0.02949077704020142 0.01954528448091207 -0.08103901442236404 0.03850762080055058 0.02062725655082664 0.022967948707958732 0.012964167700227746 0.009704248828368144 -0.05654246079786578 0.0594693077499648 0.018399543240630575 
0.1208112350705991 -0.1515500411891 0.014112514723201668 -0.09730100218685735 0.11932087051778291 0.01954827426017495 0.1560063355964314 0.04861329672434599 0.021948973207368667 -0.01817292682555642 -0.048422661388110806 0.009634704732295673 -0.05291023634843256 -0.06527090274337348 0.033073603719038364 
0.07779645603744786 0.1390772726117147 0.03217455831235752 0.023466796764996713 0.12927451201671458 0.01019937971430608 -0.04511128215924673 0.020323796813941558 0.022529989989094824 -0.10753010304788621 -0.0011171841895969911 0.03539604781791013 -0.028237988029974008 -0.009172882809030112 0.03011242587054772 
-0.008365056509887149 0.003442430493958071 0.021700870730799626 -0.061913381876021745 0.13730005442345922 0.008541815475989971 0.04824523280228053 0.14202804023801324 0.018710861698202286 -0.08715764876557841 0.12703871888807722 0.014680195792495476 0.07971741698577926 0.034352610533268255 0.015816075051696975 
0.13709261546987292 0.061626057033401245 0.0395084647010061 -0.08100545257885802 0.05406955740774429 0.01633335980377847 -0.07828623159579308 -0.11312710120192801 0.02250333849062812 -0.018817267321531123 -0.004820455284648966 0.025730240761169643 -0.11871113813042813 0.07146354266811022 0.024581428490224478 
0.06281552276363883 0.13269901976854984 0.02917380049044524 -0.03139246303989344 -0.03963873729100478 0.02223444776785391 0.05332790106898266 0.07587157772648034 0.021085068971307255 0.06250181180940866 0.13636463409525063 0.02485664861262276 -0.058305585957515005 -0.1016718696913748 0.029570026720931984 
0.14860190827079903 0.10564297081847297 0.037339361066115344 0.14333165985384178 -0.05513989111648999 0.03140849876933933 -0.09747141494477879 0.1126929438675779 0.025554961310312273 -0.045422173834348746 0.08076463931299943 0.007005108329992007 -0.09691500131630305 -0.1598783599332138 0.0277932619041814 
-0.06472747516105196 -0.08981169530450171 0.027889149536090816 -0.13861686522268904 -0.12908507045019307 0.014372418460257294 0.136522838833764 -0.13053553012710728 0.02497514909347827 -0.14034333145901517 0.0020048477869539206 0.021434177352191906 0.044487672645586944 -0.11331709785779588 0.009936179292890514 
0.13579120084890114 0.04983961041440674 0.038154949359981746 0.042577825133320625 -0.025544600350720682 0.03384344065913205 0.025484254422729193 0.0394318006165626 0.029005250242400787 -0.017889638555510227 -0.1420036791006798 0.014874539529780415 -0.02574175144663315 0.08650469796359096 0.021688160220314265 
0.06532626141151192 0.13015216086732082 0.01015942173012883 0.06727428946005554 0.15832426086156876 0.014495464153981294 0.11228662651753722 0.01918597751811854 0.033647112991390185 -0.08284914097959217 -0.07578196308283722 0.025420045816916433 -0.05956174140401811 -0.04475106908174639 0.017728453363843752 
0.13242759768892545 0.05854934179833772 0.006343529513440831 0.01748345954996403 0.08480992902979331 0.02196243327181248 -0.056460332352523415 0.1409768165263196 0.012550527751538386 0.061907283317365426 0.1212968101546746 0.021244308164150842 0.057829536278856314 0.10165953065417481 0.020115853748630633 
-0.11441055311724113 -0.15646447579623424 0.038368995748462253 -0.14463924477872053 0.14776257735450202 0.016822454189800596 -0.016225408012832867 0.076218475044634 0.009620364006379886 0.11468756687520718 -0.05056621551937529 0.00863405604474467 0.12015714950951684 -0.13141220132571385 0.03152066482453754 
-0.03363495805320635 -0.08997574789122176 0.005654122851841793 -0.0027214655104539666 -0.004911350691954272 0.008635721056128799 -9.470713544463927e-05 0.020217092737732076 0.03002333731443559 0.13619909648756454 0.007058038426382938 0.01826693094476173 0.09770252130892278 0.059753531370575895 0.03752739521537099 
0.10228540166809652 0.1456490900170135 0.006742055925906075 0.02398110935652282 -0.07916615818233819 0.03991971877966777 -0.08638067202495389 -0.02520829410112716 0.019275527221079978 -0.07831571804093736 0.012779569017114563 0.019159175245418544 -0.06518605230597288 0.15110630332920577 0.03765003103504183 
0.05836491249931622 -0.05985083134291613 0.0071266669735012295 -0.10768217266478557 0.027074378765457596 0.013964733206636078 -0.12030122826206265 0.11486662894806929 0.03179783378152739 -0.11573682164309106 0.11875636087119104 0.03350178066681142 -0.1124233264600884 -0.02557135681308065 0.029133693788384176 
-0.0687299870138341 0.045250920378419754 0.035345363527157635 -0.047401315104829235 -0.04617930307949568 0.01003395899184611 0.09708527418501102 0.04265495753491371 0.039173443167726425 0.016668380990191075 0.04018462864404538 0.020229541309319168 0.020835727359284278 -0.040649578330287046 0.024095782261422456 
-0.006548229726072979 -0.05611964968326573 0.006747837091520513 -0.07318578033914855 0.036248101292467964 0.011632734503822515 0.04042020344710732 -0.08188371645118267 0.010091100064203083 0.054370668774902924 0.046351534427372575 0.01691263640240504 0.15963913911726046 0.1500741135777201 0.031280636757291105 
0.13903876425937575 0.15763087808100196 0.03352558661535677 -0.05006869996163395 0.1059204893048929 0.019651720890470816 0.08179233859218064 -0.09389263643711161 0.03968336165406615 0.016265199366703485 -0.09901015436032191 0.009718346108878825 0.08661016669259812 0.07832140441491071 0.028273524718841363 
0.11242386443873226 0.07216089624602821 0.023605833213293667 0.09038547044589512 -0.08794759592305394 0.02208048378931907 0.022248530915903272 -0.11414176183971508 0.021649110640482673 -0.14567190290359006 0.06144776875353762 0.03365399666864839 0.03289188555332486 -0.12540172157774582 0.031578371849700956 
0.0041093007839494615 0.15623464675364274 0.03431454926479343 -0.1518989383762825 -0.0803787915631329 0.006709249739243374 -0.09522284352332455 -0.09102735654244237 0.02669007126756266 0.06892564653614493 0.1258811239640468 0.023431766020983 -0.14433515103354 0.14813319226622654 0.005504711208372719 
0.15026837087963127 0.11098345956938 0.039487621133482795 -0.07286929780621922 -0.08530797519325779 0.03829731832921148 0.052266909041637194 -0.1417729907742403 0.011918566575910446 -0.09874591415176896 0.1561074860963056 0.03422290647788559 -0.03033812364818156 -0.09239870762898068 0.03275966723435887 
0.05435230989684544 0.12402641414261531 0.011984370585367173 0.12160527870464102 0.02794344265794168 0.006932510107113873 0.11295262363102869 -0.03263335967548249 0.0350991995034736 -0.0319570745562725 -0.053630034276377254 0.01406029981767733 -0.1596581473552764 0.06938071422607542 0.03774398971894189 
-0.09183423766901372 0.1506003958972221 0.021983936554020502 0.11656321679405567 0.10247222052525029 0.02455253729242177 -0.1423888241835869 0.09581741956488748 0.02154293837508551 -0.06178803115236254 -0.14416106373193457 0.01161582282265624 -0.05240560290729698 -0.12950528811834291 0.01419993965746544 
0.14814572677329468 -0.08985380365098423 0.016385888360138764 0.11150163475703179 0.12375692212473936 0.00781906694364803 0.0672549622425666 0.11005219626679048 0.029117374940801133 -0.12498990810209486 -0.027461823642427528 0.030447020695202866 0.05692852545545455 -0.15423533926721095 0.015326674280147267 
0.0757503943700214 0.13755859995419184 0.011111080194688514 0.07318894603804821 0.029945807555464943 0.006886750683960885 0.15860972808802692 0.10753448896927119 0.017123339270602788 -0.10750179472801458 -0.0343971187746651 0.036737379255602144 0.08199782226543509 0.050612334396673314 0.02583439959862653 
-0.03276599979415317 -0.02739245644572123 0.0271382764336826 0.05547922518361613 0.14484157717279142 0.02461142250589525 0.008951534315405144 0.14862162146829508 0.014882718383991462 0.10988514320633364 0.10868547997203554 0.019369554095720408 -0.08576325465665126 0.11485794688081755 0.034429056610559026 
-0.045475181314053766 0.09305347650715655 0.020115283634815153 0.047889074336329614 0.03985049284878767 0.010757786328748546 0.12817000938381626 0.04636772142919282 0.023022976277346015 0.05493841610832024 -0.1476823623939059 0.031377084305447014 -0.0673458822388277 -0.04757388775044107 0.03075134105804709 
0.11256267703994738 -0.09215828791300913 0.037900012041243325 -0.018253239029580835 -0.006061466592229175 0.02305966278336224 0.0276442390236306 0.11032485129870072 0.03466005308741404 0.15530446839178275 -0.0964143950658673 0.03306671803690126 0.06817927010284451 0.12676824696432776 0.02543589414463455 
-0.03347673040580011 0.13279229023123804 0.039430093035444806 -0.14594021430318224 -0.0850301337412824 0.012033097703862624 -0.1171805274127703 -0.0569137525602075 0.02878666221870377 0.029231904573041867 0.10947127340397232 0.03762521072421292 -0.008909684663487008 -0.12430103724782748 0.015915450307817866 
0.010324696792929008 -0.03358580246887649 0.00917493929929025 0.059534212525807845 -0.02649652659446252 0.022874192581177448 0.11977855989030953 0.07066415190754627 0.0061421461105450855 0.09657153393398515 0.11051339176200975 0.008456673408891386 0.15236615346261997 -0.07230341815469189 0.030274091155257758 
-0.10027232066662888 0.021971540091542688 0.026814796061667475 0.06646460269980686 -0.14767193283118535 0.018416900795409436 0.10225543516257408 0.0734506516265573 0.03708711314153903 0.025551746118534203 0.07153465915191469 0.024012331589829888 0.10604621116534754 -0.13823805061766095 0.027853735612139607 
0.03147480674450782 0.015259691523016292 0.033189264380573666 0.0021398164173214974 -0.13726800224019403 0.03160463993289837 0.07447203912124847 0.15580105442925793 0.01860209958151086 0.11085943712829757 0.12260389165033816 0.03724845312584139 -0.1071116274291862 -0.007263935408985329 0.034115434556964766 
0.09723709985182655 -0.09091623921807965 0.0388217889695405 0.03496611317792591 -0.07973666569392934 0.01176169352325638 -0.012930971475366674 -0.0279169939138829 0.01448503694765007 -0.08981726555985424 0.01178329007702807 0.028797780097879675 -0.10994650925914967 0.07260798091249009 0.0333659386904735 
-0.040814358784848466 -0.1340192530976887 0.031788734796680686 0.08628551866238748 -0.1295127733327229 0.02715488748450688 -0.057428421884253185 -0.05700664038707859 0.00842241950529952 0.014221547137747046 0.049411456317334936 0.023416556554553623 0.15630419254002878 -0.11867367365287403 0.011711914977281525 
0.1021301665114276 0.023930318864484892 0.01048100788135229 0.1558507926661625 0.07981571464115707 0.03369373716061936 0.08100976428863493 -0.15865683965148636 0.02100201232114129 -0.12578622767704337 0.027982023020308937 0.022832121182073166 -0.03831770274020214 -0.0607552693802819 0.03634708908008607 
0.12413117092861738 -0.03376645891296362 0.021193879716041912 0.06691046707035782 0.13907835437265548 0.03727575838007028 -0.047605193889528524 0.09063563665137585 0.03742340098599458 -0.01273540753655884 0.07240561941411738 0.03466049727277012 0.13788783540075486 -0.07430282118146744 0.01755016362306734 
0.005055329022359571 0.017069091233552068 0.03297222839743897 0.051976669685207366 0.06816657466406191 0.00940208588369639 -0.03818170919131245 -0.11503476576548616 0.03532194185695985 -0.03466004949585457 -0.022817161394018688 0.021987721027532003 -0.11606109147573351 -0.11737154786830004 0.012551062635316386 
-0.09851349163600472 -0.02473985484247933 0.025986426386262994 -0.0890277789143435 0.13852663172725724 0.014650683642755225 -0.05567616644528634 0.10166745030382454 0.02919762835879265 -0.011710506730679707 -0.012611416879441123 0.030090582041839214 -0.08327109831666567 0.10257099026042489 0.008972646640742257 
-0.04764735261919387 0.10125452774086482 0.029941583661742523 -0.14740189432511916 -0.14277737461561069 0.00889107489628112 0.07751009927621728 -0.07957726166193649 0.008508472800456227 0.06537229150248147 -0.05410302616756838 0.03323004790346988 -0.04366225047972967 -0.15538647279272108 0.02875662617196987 
0.11152689612083744 0.12319616920959521 0.028813906661896628 0.14115029219024997 -0.14155958221087245 0.015478568108035934 -0.10203275699415577 0.002113068203244796 0.024487274738755695 0.13140835617013094 -0.14016411621295316 0.017003861675505202 -0.11628349344770814 0.03843254115077882 0.025050853493062363 
0.031241025436717855 0.05389322402088022 0.02883338449979405 0.04536250333577469 0.06363013953253822 0.028672590002459888 0.15047482740592621 0.14629161998425375 0.030325923794781447 0.15711962107065644 -0.07686672069552826 0.028797410775303033 -0.005213120407810256 0.021251662236958797 0.03393922679175271 
0.1487916630465125 0.14915759154893485 0.016436362566320188 0.052211790604380325 -0.0959771241744543 0.020903595369965774 -0.009602875580716598 -0.09492984947982193 0.038111566949626655 0.08996687888944951 -0.1558821338621141 0.020816027220103915 -0.023184566069593123 0.01350921598177266 0.02317982371836784 
0.07400500386413515 0.10092577086467662 0.006866857021686446 -0.09899829909937455 0.12461564492991625 0.023996054218574037 -0.02863857895996223 0.15399158758165243 0.009317697299652622 -0.030982089355220694 -0.06288266113398037 0.03611832277505759 -0.07656500120522491 -0.08424350644713861 0.0239232741663438 
0.005436587750231155 -0.04395661847237147 0.012705506157322924 0.024111535098706095 -0.1540966157856145 0.0074952947062888195 -0.04645144112002855 0.02091635539361717 0.024332310205273194 -0.09323837331272124 0.13715490368193478 0.02780208728375919 -0.1295441205506612 0.09591766381212088 0.008468743901409446 
0.13459859361292098 0.13265437185738885 0.022168967807037167 -0.020717018227242912 0.13130162970504017 0.02562968423410029 -0.016967335794770947 -0.11090485548656659 0.023535049655359498 0.15972187997028833 0.022339557018577972 0.011344797443676256 0.031486691430276964 0.15500828765113278 0.024378631135143373 
0.09782682224899486 0.014714054298700367 0.03251337659103081 -0.11794744401709428 -0.14758787107810278 0.00621713929066557 -0.06459319739333277 -0.15888957193538816 0.036014363703491765 0.001325606628508811 -0.10446070966862654 0.02890640694633943 0.09985975380112336 -0.11601199161318379 0.01696275130165724 
-0.05767589541349963 -0.046267972756871466 0.032660337198246125 0.004679472070720996 -0.013026017120040687 0.03312177284693332 0.1348745559353983 -0.023118219327371757 0.019663764005411522 -0.028024375410028415 0.11545472357458138 0.03664887445507196 -0.1420721980311185 0.15907950524762055 0.037939370779488724 
0.09756903675641994 -0.09374431785588865 0.006045310270879796 0.04638536120686234 -0.0834871908634118 0.0258413492070012 0.0658258351900057 -0.04345973290094084 0.018293554399264004 0.05616866789061935 -0.04118275387572913 0.029153313724838037 -0.060864246680502866 0.11749511262577027 0.037076286063370795 
-0.05118720386929223 0.13791387629948168 0.034543729929087816 -0.02378717880187399 -0.15177379549878509 0.02430187853625565 0.006837653377935681 0.11519532075492024 0.03958276004416501 -0.04745417604878408 0.05481202835694372 0.028093216628509953 0.11384858850755533 0.029832375152501825 0.011958132690807742 
0.008651206597306737 0.021800732783531597 0.009766250271357779 -0.05700122373425323 -0.05549588588477299 0.005017094950116527 0.00811251433625457 -0.04240220251481509 0.005648876206477485 0.11321118370280278 0.06904773128816043 0.010781484517797608 0.15240052947423754 0.02694430796133067 0.020481826041715445 
-0.09818866571620732 -0.05552828846505005 0.011811731549651424 0.13054267973692207 -0.1539319279006812 0.008864826311971188 0.05862498470039047 0.10215368911571113 0.005669230779151884 0.10860907197287828 0.10146048257829585 0.00906985021727237 0.061612618360732355 0.13451852793909247 0.03427128778129803 
0.06973821020091255 -0.15488156853843785 0.034839678571414526 0.11646279882997466 0.14410629452812698 0.038160010129485444 -0.011370481980346292 0.15444624926038333 0.031341480889638985 0.11686588599099045 0.01177467243280307 0.00782233798371632 0.030734575012626678 -0.14877064572663307 0.030835662619368365 
0.1094017850520188 -0.12162557678060117 0.02916510028641102 0.13156398950098305 0.07948750809091855 0.016298823744236232 0.13887169883289097 0.14501756035367133 0.03880385991946803 -0.1407272964728133 0.06693862573214779 0.005571870794661649 -0.01912100807844387 -0.14784480871405822 0.036464897010877496 
0.13005965910620393 0.0003655297693580298 0.03955818068170951 -0.027404631857613063 0.15606914230764696 0.008367508418493845 -0.03002394206821138 0.06187673108053946 0.032160295725654965 -0.14016652673728625 0.0744026878141521 0.0171707120968959 -0.03418481033250879 0.027551083501895283 0.014379543393652569 
0.1203050781439008 -0.11604543980991433 0.013798252140895858 0.09479780918650678 -0.0003465053150608634 0.027613083286993422 -0.056328526135954446 0.06517384153419027 0.014870266723492582 0.035711408594023865 0.09643519150045952 0.02799169309145437 0.09823677494999475 -0.07596536609005826 0.0162873763873863 
-0.04900734800859922 -0.04634071959635908 0.03047535092198769 -0.137135609097559 0.03141944177518607 0.01887824800208924 -0.04670686069011648 0.07667739155565832 0.03097133080040812 -0.15432107026586467 -0.10113708502691213 0.010900414163429219 0.036080132791340834 -0.05298660096415244 0.03338566674994694 
0.11781235114789039 0.012769131397286344 0.03730581942114321 -0.08136594334027464 -0.0017837330942956791 0.019742746847374187 0.03857982953871999 -0.10366076941161065 0.013697853647340405 -0.14779150661663107 -0.0936983189363714 0.014843220798598131 0.09291092840923174 -0.09752836886898478 0.011805407401345369 
-0.036705822456775075 0.11555291050982464 0.030712899254050564 0.06596740928465214 -0.11825092570787768 0.005075256569374152 0.11234819441410097 -0.08344141749913937 0.03255431543355411 -0.10658474176638257 0.11980901831156313 0.028605504468853807 -0.0176203234944688 -0.004886883660465988 0.01689880119759264 
-0.13504032931418777 -0.03430050281100998 0.018680024130054998 -0.07125833602624145 -0.11540609732810987 0.019663615610654984 0.08348113137448107 -0.15838807088435564 0.026538539095554172 -0.006479589165809787 -0.1296436985332355 0.019315621211872025 0.05467980771351504 0.03672029606519263 0.009550437548423295 
0.07751119049229124 0.01329822238969603 0.037151107289801255 0.021658360769059932 0.10687497363039446 0.00583046251337702 -0.04097667834633387 0.11704754687158613 0.02250248948511588 -0.08590696683835833 0.14277438261031225 0.014867139795779229 -0.12626075938409964 0.08644461514632888 0.02652795526306994 
-0.032926509113365664 0.12545078534571175 0.030193092826035068 0.11498456577356246 -1.1497470473270093e-09 0.03924718732869428 -0.04701839761177547 0.03640993939640122 0.009549580839453868 -0.13813940053965204 0.05595976747617665 0.03929323448351471 0.057140101193361034 0.07306236525464326 0.03964104510332589 
-0.092631663835989 -0.019585163563856613 0.022575101033839154 0.1482331532097689 -0.02518390772420437 0.00738546521065436 0.0966933744955273 0.030450878248735137 0.032783786783404406 0.005891583012196448 0.14475888958900032 0.030445287369860227 -0.037105890792213755 0.043159289958441524 0.03265161691852158 
-0.08869558722802967 0.06072585021620838 0.0169137078236668 0.11975547196247616 0.10990033046950702 0.0158303849340511 0.14870157072626036 0.08064172043437609 0.03655691185424228 0.15835787470484833 -0.04346807963819797 0.03944572928869874 -0.14400671960248265 0.011404809110622553 0.018957004443748742 
0.12808498356107653 0.09231398672829347 0.011222900118248983 0.08601156548707743 -0.09369579632000154 0.026767273902274114 -0.11436691925185197 -0.11265317724433128 0.029509931532374918 0.1244284768441214 0.1584380281156582 0.0295216603239074 0.1505520955763472 -0.08717426848204608 0.03481447788180279 
-0.03828807544388489 0.1402431822785 0.028558449926311416 0.004183197893478533 -0.050458000913848534 0.03379977792909376 0.10415194717484422 -0.05015187139697647 0.035397213986320716 -0.014082504491468837 0.09550273899533217 0.0236892261416802 0.019984029383867098 0.006692130500883741 0.012789327077224478 
0.11820314175438212 0.02034950903666523 0.030014095831449837 0.14271048321459084 -0.04937887305383645 0.024291644585844683 -0.05097001132934431 0.004347367369056563 0.03295448654083185 0.13247125850268188 0.1103186696703995 0.007576056828625093 0.020331864731171254 -0.15502781923803463 0.025089789545181634 
0.008936399707547837 0.08368753913750483 0.025295839595328964 0.0033063484050814495 -0.12615965089171505 0.006489481992863866 0.13944055306241865 0.06767271756747463 0.03762453472963295 -0.13417285846527088 0.017977266890062807 0.01834088508768925 -0.09602933977582064 0.15935140156211078 0.026292412585934694 
0.02664965739824529 -0.05921267654114041 0.022798343788861298 -0.11763677899247132 0.01423047664226006 0.022019910273024093 0.149282129839182 -0.0231631558001962 0.018709872721369272 0.03889325528265454 0.015381524404822308 0.007279622682672616 -0.06125762092250253 0.014406384412007197 0.00874069282824339 
0.09223408985419695 0.06441731778475385 0.017861330375334064 0.0069332659372229625 0.04761506504221685 0.027442203539950673 0.12844523673650618 0.09418279183664062 0.033153932361579104 -0.09609480821357942 0.14446831739554103 0.02142400518342632 -0.10594293623758667 -0.048068505320229736 0.019744933171718798 
0.03899807317532856 0.006547385846549527 0.03599080834924924 0.05753064527565191 -0.03753372088505215 0.013535842293875926 -0.027433738580501837 -0.02553139113343636 0.01766666389751307 -0.04884152890093726 0.03771821998823869 0.025652528600726292 0.1576542839811762 0.12021466543928232 0.024348610960844893 
-0.025135086281183775 -0.03145334262896202 0.018191079808135516 -0.14794862837697956 0.0848245469381716 0.038525788292978355 -0.004373495642096807 0.002705924575285236 0.009190025408986535 0.14493996885382365 0.12956041241882246 0.022212083582694074 -0.08371832912792378 0.022654226399439665 0.03030757713537299 
-0.1245785831923056 -0.005328709453113835 0.01730347541187296 -0.15510516952169054 -0.021180559814151633 0.013128968296814762 0.09185967216838224 0.1402696344181234 0.017138510541158416 -0.04100275106246125 -0.13727898560160992 0.020102196451268806 -0.1587296586007329 -0.0958680638192245 0.015829861675474118 
0.07604848027235532 -0.04980275896631455 0.012684433880293163 0.09349817581297896 0.10457013001026445 0.008061263633721305 0.013585943052044466 0.007183453789908499 0.03055597722706712 0.08989260211417224 0.13314455577457746 0.02338920887308325 -0.0913628721229104 0.02149346844629246 0.012106293569510283 
0.1562833171650221 0.1198454576105506 0.015907586243423498 -0.03611637430342815 0.12697644101190467 0.005552022905924 0.04716525046379273 -0.08432059476944154 0.016518586542204755 0.11600532924271882 -0.06566958165788302 0.031056055290568783 -0.12077750523737628 -0.14076481415321485 0.037079651167775445 
0.15382906282455874 0.15576123097243225 0.03344018728867105 -0.15648156757236778 0.03666929864793754 0.015896480580496444 0.03357528615367254 -0.07438196434159586 0.023070276690499235 0.10684434960842618 0.06720730468750022 0.013478219191654322 -0.11335103004382545 0.06988254565501414 0.005105839932640385 
0.06099127939899864 -0.1346664722735221 0.008719349248457266 0.013401219319369622 -0.0060543374020555025 0.02700856503624413 -0.1177169880128628 0.06340108277313086 0.023335865572343593 0.15192463097443215 0.08902676591947407 0.007413579748144571 0.11276990150678219 -0.019805931105232714 0.0352487198938 
-0.07887406489466195 0.15675422761701807 0.015436519300857064 -0.10478828063444216 0.10156919272087715 0.00968575937474772 -0.13233597791271465 -0.0698539101577937 0.020531812972796527 0.013173360417415717 -0.028250283905998205 0.037554865635436425 -0.14961804524740008 -0.15021983096827093 0.0050664523401551175 
0.15167891689520388 -0.037324862982731105 0.027617561637782298 0.06020894363965042 0.1395059802766125 0.03380154227669934 -0.13041469399646718 0.13199664198731348 0.008001878883629746 -0.017637135294396637 0.022019236720667457 0.011066056756446103 -0.05897421847124964 -0.15517609695056153 0.006314777348571538 
-0.024785272405669512 0.0017040756409851406 0.022155142598645674 0.051587995460373764 0.08282627682300182 0.015208465684819143 0.1367404649414482 -0.15568038513574456 0.026712379965138335 0.12055553392582183 0.11260309136076203 0.02402746944696454 -0.023044793041136387 0.11067487633390834 0.023947397541538414 
0.10383824831328033 0.015641014551075107 0.027097707971473376 -0.1478398822020837 0.06968713892746504 0.037655973619075064 0.1570294723068582 -0.04943343502871771 0.03879549946336366 0.1113972034266382 0.12795596291565395 0.026281833519284044 -0.03397036746455811 -0.11187373067735007 0.0353695570533377 
0.0903768994444536 -0.10679480298492196 0.017769551600697257 0.1507125983708781 -0.07129998837365487 0.017283071682248897 0.009445469722481413 -0.1324110147433522 0.037544325419693596 0.1405454660405998 0.09411123962770739 0.012311243931374265 0.04448721925342412 -0.15656265057007493 0.03747235639485213 
-0.07613323081493939 -0.08085984085520231 0.03325230416479337 -0.06480100161115504 0.15453940962082185 0.03111591641334006 0.08973760590057368 0.08326190746042324 0.027915064147804054 0.0893572829304649 -0.07431881087816528 0.023535821276624656 0.14551992371615416 0.03915080993555181 0.025675401202507733 
0.043238875726571445 0.11112606818609232 0.035350490761475846 0.06929308592731756 -0.01347828456311415 0.02958793753072676 -0.00039367907794108915 0.14679070027217825 0.019594823282123367 0.15273077112924227 -0.02519305668980337 0.013091105016961386 -0.011393283448030792 0.01054313037437345 0.03426770461175072 
-0.06597496434082509 0.08961830016553551 0.03077482055700463 0.15342372795828954 -0.06432415994831756 0.03542832367899198 0.12859358649144925 0.016961116061478078 0.008663341120231002 0.010874527371320527 0.05972625162863051 0.02673315999788679 0.004266690753294832 0.1088365194753618 0.013615459078760186 
-0.050262146856732554 0.018229037728567016 0.032516203382237624 -0.03194260511358856 -0.1438783448038787 0.02812951329813015 0.11777472874829875 -0.021399268018945608 0.03816679344216282 -0.09718470076762716 -0.13389605884842193 0.024058593504719412 0.13083829658752139 -0.06641473378253356 0.027167058323254802 
-0.06943872288390134 0.03207691018686329 0.03748220025162582 -0.05275832493566742 -0.026292693424760243 0.019697594149551998 0.08890612581171552 -0.021690847638345497 0.03472861796189261 0.08667042730838552 -0.051843402158963256 0.031020339817030444 -0.04247093234112334 0.05785676427490581 0.01979200992358657 
0.13887393609345164 0.14834893726213047 0.020546161119127274 0.11387105433010039 0.007166767513044922 0.006359407610221937 0.12911833716830678 0.11656097640268202 0.012066138553448423 -0.004809067671170397 0.11625869861890775 0.03687979380625719 0.08270698012861466 -0.09060933851403814 0.02122034968768077 
-0.13092065913968318 0.08025557938321215 0.022430334592064807 0.06206813207459759 -0.06825609274246418 0.025710843514365627 0.1546021375697452 0.1470459464816435 0.012058970350006701 -0.08274511258311543 -0.12152117542284616 0.025016535375382794 -0.09717927616735972 0.15025451756754654 0.007493714997777908 
-0.15401773000972135 0.004398423909896547 0.03212875993107112 0.08107342141587635 0.06782623599543412 0.01590436123643993 0.06848440636744653 -0.04854603777772808 0.010576283114618239 0.12814003617969333 -0.11258974811067932 0.03043975240258105 -0.10211834688309289 -0.1310224151810494 0.016095303652185047 
-0.09953601201915628 -0.1599299738749445 0.009205691798557212 0.04142977578440084 0.10981490082734036 0.03639240482257452 0.06848104861293174 0.036137754778353896 0.008329537267765013 -0.0873926199703629 -0.031024429135856985 0.02556142603289113 -0.13120812425256095 0.03847438933983767 0.03972683223790397 
-0.1153914376385177 -0.13865442281039114 0.007895316649192989 0.024026225646373182 -0.07268148593348306 0.005666584236251753 -0.10635280716950936 -0.041122913458301456 0.03774670290216493 0.14992778716710256 -0.12425724090900163 0.02423053745339911 0.1297775712980058 0.06085543728247861 0.013418969106663497 
0.016812836297640365 0.14659688413434738 0.03707205925826914 -0.15122517798514373 0.13001441752231502 0.020456816519273266 0.09651426081176973 0.01218890269119567 0.005095822555393813 0.055726022108322865 0.02382385730172442 0.038951185533457576 -0.012681104694876794 0.027820595429235873 0.03999791174076697 
-0.053923395828907525 -0.03330000501263739 0.03173360564031269 -0.04960894035571448 -0.06441689860486349 0.008106456800100715 -0.00010799691067762927 -0.016989486268250056 0.006197112228264121 -0.06926581844678673 -0.0893625124905803 0.011683998346966292 0.031335313538902655 -0.03272769561439679 0.03212207370092992 
-0.0505650823100066 0.09202535403696968 0.0056641770264044735 0.06336785993769546 -0.14488438267832593 0.010947931967151874 -0.08594543529366692 -0.14611988088711486 0.0077477858083693455 0.15116363194991683 0.013113077821579864 0.037349100920811965 -0.10465989481539131 0.1440247754319338 0.007320488844262587 
-0.051985117025464496 -0.15174030812074268 0.033893853133215614 0.15234039909425548 -0.13607142262200989 0.02147495310561723 -0.045600302883517865 0.14449868567786375 0.039659386384614824 -0.12112713565010017 0.032286468883102944 0.03153506631469471 0.11961723387565908 0.03958852658084998 0.03734543419635663 
-0.0629097881002857 -0.029630795577010472 0.028386175932036378 -0.09317855628849842 -0.038192643369458094 0.027106707973125543 0.0791108961251017 0.05445356266657226 0.01635767686634763 -0.10162329777218485 0.018795352932156405 0.006467692333989016 0.06678069050917766 0.036092379709184316 0.03627392866022843 
0.09414155792834156 -0.15302212239410617 0.01127970997386265 -0.1463926517690396 -0.06564334592543052 0.009401128585446509 0.09516820028184102 0.0564756112260509 0.016571797473189175 0.11078771017426266 0.14020410396621572 0.022703969707787413 0.013984761796118536 -0.15182043839395806 0.007359761666537821 
