13.096064664301046
19.69523801460265
32.5568948790219
20.497027589212344
33.12798176932419
21.965270662412383
21.783800049411475
29.974032193732697
34.93770431025692
8.712922068957877
11.287029282776917
45.47868041839524
13.127487019793167
12.392497911526256
23.377051544844306
16.081484538286134
22.266579569827094
18.040989711356342
7.582627106850519
29.95991071652236
21.916653786645334
17.328786130366968
39.52297398066434
35.26995848157395
34.0494010701947
26.406679888595935
24.9412874142148
14.208668017628183
11.833221221772085
35.3546193376884
27.622336890692036
16.97027933160498
15.629562951185436
15.588503504911913
7.275344530690595
20.28522239088995
35.12437745183467
16.176849457690295
22.486832776123784
21.226001451270587
16.457376276051836
26.636012352150452
20.239204980664432
34.474219840297124
12.443970831848233
25.517109960129737
27.93343477391882
4.5572029020324925
13.895679101335746
17.59346989579333
22.69058228267329
14.502158916659925
24.141324734905048
9.26595446435078
24.66568353963672
22.267028853918262
20.245046255362087
27.00479010658855
10.699875129323974
22.886904340458102
11.649890308879002
12.72697180532056
24.833593070059006
13.929157424723709
11.615683489675886
57.12188536944201
6.827847023557294
42.57061245667664
34.49440971272531
10.356239073123513
15.309698047400532
22.18625333127846
11.390846148087487
18.61423696450796
19.88156588784724
6.817276164853974
13.157347973198526
53.851800206481315
14.17050575626747
22.987145376595684
18.574340357228465
9.522418308617642
12.098939299211299
6.952272235449294
27.509985199417592
23.94346131405764
10.734676043705761
27.55608640514525
27.47537315830463
36.551154409093684
14.569933126839487
2.98837642235051
14.877914943968918
27.340128536390996
24.139333948184095
25.90530211754914
13.983273677801293
11.146714089259781
26.567585794980637
12.10921358322656
