-0.08368848471036092 -0.06444731892217621 0.029484978572124333 -0.019214258844267723 -0.09719646635723632 0.03628068170449842 -0.03096953691601322 0.0015536372092413667 0.030911712341048544 0.08363374662498328 -0.001270062958505472 0.03944797576464013 -0.005735553172683092 0.1287926510752873 0.038139134377058764 
0.1343078145530391 -0.03528369968113965 0.012688573525286365 -0.055143640150651776 0.09239546614688669 0.01771074685433084 -0.028670012981388066 0.08220818113314868 0.0377608835658944 -0.1490974264837001 -0.06316057853061785 0.03730132524479104 -0.0636031202658949 -0.14750620422825422 0.016797784537152253 
0.1019464413221481 0.09844103233589643 0.03551068165734935 0.07951628164884614 0.10787920669874272 0.026816409936299686 -0.1444447214936136 0.12996935986885946 0.010519652032308365 -0.02084893215227421 0.05636103465793142 0.03686906078455915 0.15726486602571124 -0.03452312551429482 0.018852579339159473 
0.09670979020359519 0.07230426942977693 0.023501453825685376 0.12311508953973094 -0.1562989230218929 0.010476383672579201 -0.08506294154151058 0.11352328147537716 0.01779701782082655 0.13236013831117074 -0.07365699210857526 0.010432086205363778 -0.0022201746276339887 -0.09868026947908587 0.01815840815196851 
-0.009944328658629606 -0.1218891349560999 0.03309768991594334 -0.0044609653187064275 -0.12712821204048214 0.03962370025236407 0.11784408470840163 0.15087541756223022 0.014255987771169603 0.1586156227289596 -0.004009172262089884 0.013123941355979258 -0.10771088754686853 -0.07511889959474956 0.03590675086485606 
-0.001780788502575452 -0.02295971168848409 0.014129404491860703 -0.1453316332045077 -0.1498205594288271 0.011324038009698825 0.04567197860237999 0.15935338795910436 0.02808037228888182 0.002637445679656408 0.09525002359302795 0.03271568222720462 0.020532444290465964 -0.026258451580703314 0.02996928621512436 
-0.15351881151794775 0.08154010517770557 0.014349667402919791 0.05297709036672665 -0.1539121599755054 0.005826878780700678 0.11849900397951633 0.03298342619258757 0.019721932608391536 0.04253789007306114 0.04915196449737005 0.03658281389837429 -0.07327412199502598 -0.12190570284057345 0.03545211042143927 
-0.03992617308733343 -0.03255048804961884 0.029736371126854167 -0.15525069820040216 -0.1266001945909195 0.03350919756642361 -0.00838825630773975 0.06750747172187926 0.007647548922330342 -0.002746349863572076 -0.0789627351351583 0.007462913851840525 0.1151969146843327 0.10973117468226792 0.038271391495567554 
-0.04224809358291264 -0.08298089933383375 0.02912235783807697 0.10469331011612241 -0.1297945154927164 0.031866306242900655 -0.11056407093525546 -0.04504569515660957 0.03239098309113215 -0.021187820311423262 0.1541910379181224 0.031451260893489444 -0.11195898452891415 -0.08418412308175556 0.016976528445387783 
-0.03934092209765988 0.02924815074377629 0.015392909975316206 -0.026758934645215244 -0.09086250590150685 0.039741942406141983 -0.07022988283423051 -0.005548607723983888 0.02737307308432151 -0.0934641325796587 -0.10534986325379561 0.01629375096915171 -0.0898691207041356 0.12241094900942992 0.02030247537757833 
-0.08601422084860114 -0.0004987109118466343 0.03629938188062682 -0.12884819056747868 0.058080489012992065 0.020982847489758445 0.14500782586675323 0.046355464320420425 0.02446907717899041 0.07867283395401226 0.06117794811851909 0.02854520794755113 -0.016467726815116674 0.13248049192071096 0.010136744154735812 
-0.13249358668960648 -0.02105178405546549 0.03786668769234058 0.11540886834097913 0.1420866504639585 0.027513053001438522 -0.1443583104772637 -0.003572994653685363 0.038310433434070104 -0.14597674086138027 0.08384529737038036 0.024684504084855063 -0.11981953058350296 -0.09407523481010563 0.02316671363481026 
0.03655408465309329 0.04254473509572914 0.005431106097738624 0.018127302315075096 -0.13331838618385874 0.02945761430219036 0.08442857328979267 -0.06731944186308109 0.0068632828900017 -0.04204456294291047 -0.08651236869661187 0.038956948406803416 0.1305028409438765 0.1205156250520922 0.006609292423899985 
-0.015830151754916116 0.07606443274831555 0.0130834951700436 0.031053402752636364 0.026429527092345174 0.021137578008509458 0.061498981908856165 0.022362648946662587 0.012529100705899694 0.012894204451289889 0.12662010966082088 0.019599433640682663 -0.10257580367367461 -0.1233699444789119 0.019922477192400152 
-0.07753783805275713 -0.13692957814226198 0.024791323856374777 0.07334478689591208 -0.03285157213334959 0.016010467003449727 0.14572489127115268 -0.1383086597723274 0.00911520107717058 0.15859209501047963 0.1160142089671492 0.01281119376813702 -0.030890002094630074 0.07996749250345278 0.032189607232508126 
0.14739802931462312 0.07244762874219933 0.02458071252756079 -0.002908700856923505 -0.060000744631393196 0.03718046271591576 -0.017677941543173124 -0.11082751344698537 0.014483387159512948 -0.06534430498704416 0.11630603070199262 0.006102710734349631 -0.06746964242024286 0.08213786453546203 0.012650346283784976 
0.05875554464164849 0.11273760443280456 0.023189793115682533 -0.1541912180332866 0.05501807752391967 0.011219546668934719 0.11447422480180187 0.07593347838824265 0.028464743028269793 0.07607880265649736 -0.11412187844429225 0.03180445453285472 -0.022106924074094158 -0.15126245570950275 0.016711481866973046 
0.010278569652186053 -0.1591339759213489 0.020103187352471685 -0.020353671852411576 -0.05393145677855447 0.012759123661200822 0.024565758701503317 -0.03226457421524495 0.0174466596385741 0.02795368649928568 -0.11041302434034504 0.013816028988559064 0.004784129099341699 -0.08456070229222878 0.03775416995533969 
0.0671562934591107 0.060116338882044935 0.017611867103065355 0.13352834124169743 0.03011279390339414 0.018064891259478744 -0.11460741375003321 -0.1349233375044706 0.011885396742741566 0.047171259180982174 -0.05233759649606662 0.03065447979312778 0.08918879083783264 -0.09953317527122255 0.007502473375395769 
-0.004262832219635246 0.15225242299991404 0.00750914081816798 0.15440039646898165 0.11980580126785378 0.027917687265557288 0.1115220281525135 0.09601871087737088 0.021236550368228097 0.08036542364926054 -0.08575987461408534 0.02019550688930014 -0.020165117398953034 -0.02767141899484914 0.011054012742498166 
0.1478011598723864 -0.056959694303388105 0.006578332179611989 0.1537810050547981 -0.03590975796497761 0.018300717043156972 -0.14319675589090253 -0.12011774866236523 0.024238313978563398 -0.04885671110636993 -0.1461364635431383 0.03158227504725776 -0.07089426706612348 -0.1372449750984707 0.028120883457423425 
-0.04600605443757457 0.00012838329663433505 0.017917063166207576 -0.10739375247920209 -0.11250516247457956 0.03316924879944321 -0.0568775448859786 -0.039058664572039097 0.038974558957665106 0.1266246089844973 0.09290071941437199 0.023594354538335735 -0.09747884237241995 0.1214141356232372 0.034298402182898216 
-0.15894267701491002 0.09014125697681365 0.03801068841608206 0.07127061820481682 0.07944588993448139 0.010699535068729704 -0.02960386461068124 0.01061732176770828 0.018919621300448913 -0.005224226627101491 0.08726085632663955 0.023832143021767352 0.11973462336829568 -0.13587151115402185 0.007586533374534107 
-0.12409831873017457 0.1218661451602979 0.03891078867929615 -0.019205314078510616 0.12295166620230016 0.00502806426559445 -0.051279940794610755 0.026599306635402126 0.007793198283713902 0.0016397343507092274 -0.1184508586590213 0.030431850335998215 0.15581656321705875 -0.15668662351465762 0.009135996672659108 
-0.15459582830628218 0.1217505312119808 0.021394053669749984 0.12587322706233298 0.07503622684123894 0.0206849990969071 -0.05569681185737823 -0.14565542161670073 0.022126551873452582 -0.044120442088819725 0.05779574016657136 0.02316882183873528 -0.07636530428115706 -0.04790781135567522 0.023548212522240264 
-0.09260043323586843 -0.15404116758756456 0.030467482882307387 -0.14959624277762623 0.11722534694378964 0.008443618667513766 -0.11103051455448848 -0.12119882780955706 0.006082941824225819 0.08568341280943273 -0.03163357991197578 0.03018376309293456 0.08532871711657243 0.014220029164104362 0.020856548071957668 
0.15014826956112193 0.05869818339861331 0.030610708828840767 0.09176032931405388 -0.06943642758816503 0.0067445532669292456 0.004404415713409044 -0.139366968584501 0.009400471991209856 -0.1402442989117783 -0.15857353286688025 0.02291926743238712 -0.0866381542675702 -0.1188149613312789 0.016002747270691252 
-0.03794660933861616 0.037566883940791336 0.026094079695764178 0.06199449620405511 -0.13657480993454216 0.01006069911660795 -0.15193241487170067 -0.13290858765513386 0.027220748442901444 0.08212997536864085 0.011018117199786851 0.02192110356750248 0.07018908104478581 -0.13602338969370484 0.013790142672137662 
0.049444530478363925 -0.08168764722022608 0.02333315385022544 -0.006235386769115304 0.11807642536734284 0.03078471897958567 0.01355455707780063 0.14107683332687726 0.02278461800987118 0.018720987102048375 -0.01695261056597256 0.014582362860037258 0.016031338738615966 -0.024263876017695536 0.026014921645770985 
0.040529399976696134 0.08787632643399915 0.012251240135277964 -0.15987004111479805 -0.14454939092145017 0.02034926045835117 -0.09552040832007731 0.05490711810577131 0.011610559143363458 -0.1240616962890004 0.08870996883152421 0.030734856081905425 0.10788780385280032 0.1593722956473117 0.021450069413373973 
0.060573252680279445 0.09750087073823144 0.03866743942043906 0.1485979399511354 0.026211718169423717 0.013154254177934152 0.07144610444290875 -0.11496729754905315 0.01616476022372411 0.10564238146684513 -0.005520812586562085 0.028255472974870206 0.11344851004368474 -0.11744354556823242 0.02186297447836248 
0.05350653065798694 0.1230237863374291 0.010027480154476166 0.05024063442200965 -0.1328723065389063 0.01377029178675771 -0.08739336567663882 0.1336098735232342 0.01902215143786001 0.13524376513450648 0.02331586710627098 0.006201315456309475 0.10449409737655775 0.08705273063960768 0.0079219148146623 
0.10845114001405505 0.052251430766576144 0.028178701705329018 -0.14749463173493535 -0.08486205625601222 0.018534341864261644 -0.01060273493922111 0.016452690700471204 0.01616340013413609 0.14634398546443175 -0.15707382021217667 0.012413223907372798 0.10682811530740624 0.06858149444083486 0.007823324237346692 
-0.02523396407294311 -0.04296429472223088 0.022259774071442896 -0.10953835172078506 0.0055988452265430455 0.034942228384853447 -0.13727382365158491 -0.09739456950545045 0.014612176543752076 0.040499495482818476 0.030655203567221477 0.03688382627828312 -0.1464475342386837 -0.03258811789385596 0.03287243434795632 
-0.012576602420481357 -0.10959822323639878 0.012292595399933316 -0.12783946816274835 0.04683937978651724 0.03468669632761211 0.10986216041787997 -0.017849646659570114 0.025176438993311418 0.06818609155815593 -0.07435738989730656 0.034816295267147704 0.004687056013743047 0.13320190851014083 0.027250131992307483 
-0.10988812535129766 0.05727875900967036 0.025561866888178755 0.10194741338380489 -0.07580900962186453 0.02232330846228248 -0.04976712120916935 0.03642673857350104 0.034648061625993334 -0.13764213731213648 -0.0913103290628472 0.010915966269075615 0.0027772330048361363 -0.05734695103047923 0.019590243996228565 
0.01929477058279615 0.09340271253652081 0.03862463287869453 0.13094253578661075 -0.15194844722281203 0.021909810259339375 0.03817841205910677 0.04489089365342559 0.01437751694026252 0.10181144978221991 0.06272976942131023 0.03836070153346956 -0.09105010481703181 0.13095229790562601 0.0391978881646128 
0.10244714479777609 -0.025942323722010805 0.03060230718819278 -0.06715714834479296 -0.15046220721210993 0.028112896696778467 -0.013065699944745457 -0.11325277797004492 0.031043362251958362 0.013559697492631036 0.0027169217174895875 0.0385602025063469 0.08300157399073183 0.14605825736127162 0.022824784586278186 
-0.14287365412356431 0.08876482889767547 0.022263629761826602 0.04587203883052862 0.10751966482402808 0.022029224254706603 0.13277497126529209 -0.06917336745758736 0.009936601570031107 -0.1273813144661918 0.010441359486311367 0.014002330419008804 0.0989698931268382 0.0014181073498153428 0.039302781941391966 
0.09079219589717877 -0.12391284876753604 0.008021845618775713 0.10723676238654961 0.015583181057793579 0.03243156358893556 -0.13771036539738002 0.1115162920528787 0.021125256285597364 -0.08515552630176512 0.011082682245146181 0.037239504821027024 -0.1181755403731563 -0.13866451387795156 0.03272580605067447 
0.044915128965805795 -0.018553836493970688 0.017340870410619633 -0.08984489079297206 -0.1527173364194006 0.024938617126753184 -0.005711184935195865 0.01626901465779379 0.03505400275145397 -0.034078506876867413 -0.1004138703737254 0.015762278326909733 -0.09659823395635435 -0.026706371283089034 0.03408826132497651 
-0.04427032234544229 0.04216140538376342 0.01623041346019701 -0.06883814260909943 -0.14460221912644766 0.026794788067275314 0.09745164023706285 -0.1514616088956531 0.017563972609611664 -0.1550884081185955 -0.07330972088762643 0.03466112191866598 -0.11266861033459784 0.06067725538233791 0.027945484742798295 
-0.06306402385380415 0.06235070547203701 0.016589648959820957 0.10395443268859193 -0.12922762554220998 0.015540165523318666 -0.04914047526680668 0.04760831206033296 0.005912382834077459 0.05345622623027431 -0.020728910701139084 0.03925610794593223 0.03524113489984486 -0.11582367510499907 0.039110077744418666 
0.08063126280650468 -0.09194747933706429 0.03285607751251336 -0.022161240420687334 -0.11734111032739686 0.021283097788395107 0.08141073053968642 0.14832273710251032 0.03073575801072064 -0.07038072305507388 0.1075871310074945 0.03422290343126518 -0.01672485790208105 -0.08185884917518028 0.016366551121235567 
0.07283488424234036 -0.1308559507469844 0.009764480016358292 -0.08133020107649401 0.013347479470592307 0.013370818226253344 -0.03912115385676353 -0.012238615428988176 0.02254836090038137 0.053076323952597905 0.1352313002890914 0.016332851228788674 -0.02311393884361113 0.03100281290845432 0.02901626453391365 
-0.11823790063338326 0.12942793784361373 0.009684538659455622 0.09533768351838846 0.06279841918236563 0.009589671748041791 0.08687584343464297 -0.12256428158922947 0.03266840632397914 -0.0752882302604869 -0.11076190751909687 0.02193682391772915 0.04413201535652675 -0.14983137466740487 0.030705689643213536 
0.120447679409643 0.13103426248269706 0.031764286270712004 -0.08468236693252706 0.06510430530185365 0.021478793850035247 0.045098158886931264 -0.1385993346882823 0.02256122177099678 -0.15590799089301052 0.05244389320144773 0.01462214226859604 0.031179863426312078 -0.0423540097832239 0.03550285393965151 
0.05631632031910381 0.020382606928369715 0.014766380941812804 -0.15769779087340777 -0.05346524486976685 0.006750650141937146 -0.11175360671167721 -0.009902315640648689 0.01143929325679507 0.03601131964839815 0.027040948807649085 0.005804510958427417 0.08264336206521646 -0.018469383678518417 0.031132416587406033 
-0.08086058341875275 0.12733122762090868 0.008239427648863996 -0.020969845320311133 0.058347543807295066 0.00906090508700943 -0.03286040035544375 0.1300211686368193 0.006070697361100032 -0.07633208249089941 0.044991398626592856 0.010127091444173267 0.15140862173059647 -0.10239878291408434 0.012965879471744702 
0.048212829275298616 0.14083365853936802 0.02415050266311936 -0.13259858787316248 0.07070115640633881 0.03505506114172514 -0.03521174120019865 0.12563503427712822 0.008638048205864394 -0.04803423825105608 -0.03761494748566439 0.035549438134396996 0.10800037652057916 -0.08991518024874093 0.03223073735706261 
-0.07288177344513114 0.13829326760072758 0.009885207780786479 -0.08101999249530004 -0.005848705303498484 0.012192029840469167 -0.042543720437191505 0.010888644284398962 0.0251053616026412 -0.00887078305877562 0.1275311271803822 0.03366886772784387 -0.023670883686494094 0.07354694213941523 0.025782580462677805 
-0.05839636136500026 0.07517849402206546 0.03158096363209693 0.05329799397808694 0.12416465146265904 0.03438378924291881 -0.0705866891726395 -0.009236024850358994 0.01726811929667011 0.011794657958694383 0.011086139587746987 0.018237765637429657 -0.1132027099726964 -0.11193332228024339 0.021633275823177502 
0.10828320313445246 0.15096614054778779 0.019000217880368184 -0.0893052385517485 -0.0785680901493957 0.03865059061708375 -0.06464591402613283 0.07484318309605796 0.0066674446387794285 -0.015981539931048977 0.14743094090699285 0.013610109568449625 -0.11520005493010264 0.0376195130595279 0.024357687906652367 
-0.0734006434688995 -0.11207596459214328 0.01719828538771244 -0.02344331533680065 -0.023096121862427713 0.0393610839222263 -0.031167055883864297 0.033767604826944034 0.025029741432216163 0.11200419424516574 -0.033918082158383774 0.009871461020141366 0.07326747701529128 0.08234614657311574 0.01378262496447314 
-0.014662393162758653 0.08229280802311414 0.012308877998737472 0.07566803058766916 -0.001786332659847744 0.03534285247434346 0.10729636371310974 0.10290108584229299 0.021860766177865174 -0.11986931680949527 0.08755994083332472 0.02192643670145338 0.10428467320749696 0.15496177791745122 0.008533741139787429 
-0.0660613204055622 -0.04784923442309013 0.016162221089732306 -0.03438437178792751 -0.061005989706736256 0.023228417311125647 0.1447994946641987 0.11874297533329069 0.007385522606829729 0.07909844857743709 -0.14820193272542792 0.03602623045504284 0.09279985175462666 0.011338732943984155 0.03649753113079813 
0.09645255070316225 -0.09140491827728989 0.008818128624633765 -0.05601087743500946 0.06447303221261169 0.02100226162953966 -0.12478775063183818 -0.0975110502938076 0.014329559298654216 0.0565202139846241 -0.13380936462337756 0.02641709414126874 -0.14977882240613666 -0.059534096954352335 0.031173448672300427 
0.15317916969067 0.006863593688879696 0.01314140002222122 0.14141421731374393 -0.08584042214240786 0.011787314762837139 0.05732400948839109 0.1373967598867834 0.03179173518060677 -0.032978703123410565 -0.12360350200470087 0.03794835838792295 0.003662907233000554 0.14101384595705455 0.019673536293697537 
-0.07294263966861846 -0.06807891317367439 0.010812588236441859 -0.1138327332160877 0.016394347171766688 0.023842993164011506 -0.09246939175670753 0.040152953844559774 0.019541066293371396 -0.03309891791481787 -0.10512469335987115 0.012405630278016612 -0.11641229342675595 0.1034426286195293 0.039215881927705275 
0.09060858692788695 -0.11652419099192785 0.006024912989727785 0.021876766429582792 -0.07236247102663255 0.023455869157884012 -0.10988735843333584 0.09926834864606573 0.018437179295196594 0.018557230031953708 0.14869660932308162 0.022731850250899154 0.020888960781734738 -0.058115037620356885 0.029457668431377246 
0.06416770351258909 0.024548535472874174 0.02380544734720998 0.11557864641654839 -0.033314819020826066 0.006938295080279716 0.13328068763887502 0.0069857403343344115 0.008624087717484503 -0.0761004913020726 -0.11905509843825722 0.026586230440243726 -0.010396052426584736 0.003651426983072202 0.030733994385297742 
0.07015922461549325 0.018553559286247474 0.02750533552195023 -0.1452615158200547 0.0674772876649876 0.02408555106209459 0.14457102693387364 0.061427153906861556 0.021518941694740112 0.06465353223654262 0.0506906816925355 0.03682219694098259 0.0012414415670554877 0.14296335762509838 0.014797843152296911 
0.05511461565884513 0.03450290295622445 0.01700582862309976 -0.1014188917168157 0.14784211569593128 0.03230204555394002 -0.046963534765840316 0.15086944622859205 0.037342401034504265 0.029721129241079336 -0.11510756744410984 0.020694274717510494 0.10916292598683512 -0.10867042163996053 0.005320683173145274 
0.09446743833311044 0.009699537065610251 0.015714473387207224 0.07313596293942629 0.01642866673831212 0.013913924792444686 0.1313996403959582 -0.005985789628832022 0.019270028452836575 -0.10493980075705994 0.04287952568830296 0.03587534645826706 -0.04476485889233205 0.025092736934766113 0.03975966653959351 
0.13557887096449114 -0.06315429716228832 0.020893700600622612 -0.14300274816572095 -0.04688887073300825 0.03128500132586817 0.014431812641729538 -0.15921517888682887 0.023872744692696735 0.0652345754572988 -0.07475375180389322 0.03995039175572185 -0.025441419303761075 -0.0008592768383255373 0.015977241488827343 
0.13545461709452156 0.10831274958581825 0.03747730961380057 0.03245351829953073 0.01619129627152637 0.006956978669701526 -0.06942104371296177 -0.07065905090310828 0.0062938245029784895 0.02854175603010642 -0.14774014878578037 0.02565193178923303 0.13144261863808945 -0.15633402230429272 0.03007296973386505 
0.002568659138138252 -0.07808489823050077 0.01792871378996232 0.09713372917546918 0.03310865981190133 0.03649651878842529 -0.10293086363456824 -0.05841353919346376 0.02653745820990022 -0.018676091135605165 0.010344787724982997 0.026572177993359043 -0.11074752904925468 0.06343565064872657 0.006600410367525519 
0.1455712721846087 0.09426558067912622 0.02622416970191464 0.08673838534593344 0.15266125563359542 0.016551432716548582 -0.05670032456365673 0.12388382797679565 0.014940072908420825 -0.15220201263048044 0.01708851885971327 0.03141255222710271 0.03720960471597151 0.04189351941445016 0.01303947438572401 
-0.014666011055954643 0.1295240782849525 0.033296659921100154 0.11891424169287733 -0.0053889919915184855 0.034550747927318264 -0.10052463803348786 0.14485916039740618 0.016299635808533296 0.15533766244971262 -0.05060020627222678 0.029916922324894374 -0.016126481201063553 -0.04651010305907504 0.015798814172163177 
0.04662436484122884 0.0176268048573549 0.029560284277291828 -0.03442101724419441 0.09586050481395905 0.014910436070180735 0.08207555361968 0.0013740880095460995 0.009354943335824251 0.009382056225074185 0.054324344817900085 0.00582322391836981 0.10894081977545801 -0.022226886885216107 0.03464399974938626 
-0.04355999169596189 0.13979738326620678 0.019182372976915683 0.026836487879164282 -0.10629794534410238 0.024623094997400598 -0.00827353383835252 -0.13051534814352297 0.020184323410819945 0.08237468294915208 -0.09199397982930284 0.02923284616402372 0.008935560133311347 0.001692944949405967 0.03942037038346867 
-0.0759525381622764 -0.03984855796756978 0.027110864544595797 0.11935830913001819 -0.0861190165180972 0.006251395189416354 -0.0023488694647706672 -0.0462446700081989 0.03886033202199844 0.15018976099933073 -0.025803991954084397 0.019059079254666586 0.10263426891793917 -0.09867327396699227 0.023226308423553055 
-0.026757729281575698 -0.09462936597503156 0.036997228806875414 0.040209686411861824 0.0374925273520448 0.03219819346950135 -0.010020549689099819 -0.034410653546898116 0.03594311178975047 0.10891538025229826 0.09525084103932663 0.01253884830818223 -0.10505250230136845 0.11394169024911531 0.017995040931790163 
0.05812713657755206 -0.015500871181838476 0.00973066858503585 0.009636302649600574 0.035038534414178625 0.02020212385821403 0.03605406467090586 -0.0464841187834058 0.017266078521876334 -0.14663589430724977 -0.07742016934076675 0.026733978056946436 0.01669852026652205 0.03334531396892797 0.01053694814117585 
-0.12313080530712389 0.04637425618995117 0.017925139689653192 -0.15416986440862668 0.04207429473614755 0.03966729404564565 0.11154299055123057 -0.12165488777926647 0.03611657349765406 0.1395840714029994 0.034567270383899895 0.025806327952944803 -0.10633893729011298 0.061864238895406765 0.03911365011709673 
0.042127001082949284 -0.11557101640738435 0.007838622018167193 -0.1511797775463846 -0.11807846867314195 0.010656524224489554 -0.04267166822687908 0.04215051284363921 0.022566589889204767 -0.01732882997757646 -0.011806697075810389 0.006898056871709964 0.031274534801991966 -0.0338223958108429 0.008842293545921882 
-0.057041307057805225 0.13842362405834507 0.008308755939534392 0.03931630812573166 0.006025171987019323 0.012006169583218491 -0.12362670422770994 0.11707347564137627 0.017561932075420908 -0.1088755461535083 -0.003305179618119347 0.007298877716474763 0.09726038946692936 -0.11869598911788981 0.01361908803195937 
0.15771097698334793 -0.009101842952877177 0.006009312504885728 -0.05239430619421 -0.1329275618612054 0.010351986028758942 -0.01171768915854927 -0.09792245189793125 0.03504422591466236 -0.1575891035493804 0.1318576596887269 0.033669488854705894 0.01275381577361611 -0.0754907602970589 0.014879802955280196 
0.07689367286635446 -0.04841767762835794 0.022741157254287558 -0.054905912379245886 -0.004320226289558592 0.030616257463859233 -0.024885442436095497 0.011179795409684317 0.03853571598595395 -0.08202621154795765 -0.15027904056570854 0.025368483385032222 -0.04938220524500011 0.06241179939472025 0.016038836220780693 
-0.07571195529560792 -0.036420631037333354 0.020432603474972798 0.1307781693391061 -0.09598580667211865 0.019209346506788225 -0.06871311791352622 -0.03702044814144533 0.03428742698758255 0.05447530096735929 0.11650455874851798 0.020710133195151248 0.15566083853356083 -0.1126431143261886 0.008700224899008999 
-0.09524999777653806 0.01599939395345878 0.023287236570539778 0.04333204572755959 0.04683890976578379 0.035535811567094656 0.09790856543887122 -0.1152168624514628 0.015044160526318878 0.07472189341147668 0.1010953353618221 0.035116756322454507 0.03815754067116339 -0.15886620444375127 0.010949912208337919 
-0.010397267071012815 -0.06758975214183048 0.005198801012621262 0.13464200854458558 -0.0775416420234218 0.013005604931283624 -0.05339633735840153 -0.07376208787349646 0.035624664717251675 0.007136419730900412 0.07266371039068034 0.029927233640462493 -0.010077421045806756 -0.0953439997199474 0.030017183561085726 
0.1246481075296117 0.10658302491186068 0.008249581544100782 0.08486233985791103 0.1018993400201117 0.022902761418156618 -0.03870103414172023 0.06718274503615142 0.010201591685594867 -0.05368823944002957 0.10440898716454604 0.007020435911303186 0.08511208933530741 -0.05424101697846512 0.01256956583400145 
0.1225569479406499 -0.13473150994676283 0.009770878647710623 -0.08402495393155822 -0.04303526178849554 0.008775126648982896 -0.13376220816988302 -0.11452398807528381 0.011617792215219457 0.01850579614346619 0.08158928147997445 0.03420349704483403 0.020169667070016516 -0.11739572075494778 0.012174027753034786 
0.12162990405516505 -0.07296863051497707 0.03753001985067492 -0.026207788317303284 -0.09787848336272016 0.010880300770826778 -0.0698077448717807 0.09224659846649194 0.031023087469071585 0.12484729638914992 -0.1255363041132168 0.018305285026925674 -0.12633821679425833 -0.13907876947619094 0.010336624592738885 
0.025913379927335868 0.02218255801991651 0.024228522618114836 -0.014514057625464333 0.02390597790756662 0.014382904670670568 -0.12132939128337387 -0.10867495796689948 0.031040950580044097 0.12044014974180907 -0.07709448945908114 0.015789732472860012 -0.12411971954397309 -0.10281627671990405 0.038455043267906885 
-0.028811537080842792 -0.07725110213590528 0.019557429874518976 0.03746782863596607 -0.06623402885976334 0.025802367466111635 0.000495452303489686 0.07308630379527213 0.017210205026048597 0.1326542721118161 -0.05365911331739039 0.006797736141177821 0.10590178694243468 0.034834570960229044 0.02598925905670073 
0.05321732003537533 0.13482066899371228 0.03934355361279371 -0.12936246568945936 0.04677920377208558 0.0224017634472787 -0.04487235258316862 0.11985121659591924 0.035712201620277315 0.006572003042882334 0.08937145684259355 0.021111559105108833 0.034595181985300316 -0.057707421884758 0.015890578846333114 
0.00890363084667954 0.11502413511963441 0.009384670849639254 -0.023306678396477872 -0.1186306089276874 0.01851659865057029 -0.12226947612060013 0.03497272644736986 0.0177150016480264 -0.13992529148280636 0.024897550421860294 0.03763866726085015 -0.0619994184537365 -0.022208869625668516 0.014883290876584906 
-0.0963968852640223 -0.004181130095500027 0.007549245567389966 0.15615759728291428 0.09754458634238078 0.03448383277121296 -0.12226934502020347 0.08997662241667254 0.03204519889097144 -0.12269361982872824 0.05553867000286592 0.02542504485652613 -0.132909274279182 -0.08685065536372298 0.012928227029227201 
-0.02812905020470417 -0.09079575531559898 0.006145278240646326 0.13725329834681838 0.06650921764279778 0.010274981585756935 -0.1477869561568393 0.07210703989567287 0.032117768694325366 0.0011451600207216216 -0.0069911507007008366 0.009568721343858128 -0.13253868519536102 0.1119350060985158 0.021002559870855652 
-0.035727746240180984 -0.05837714657771611 0.007176960594922192 -0.07288056823304663 0.021623938427370395 0.022758153525336125 0.08538529112502839 -0.02544309290687315 0.005605552575783229 0.020791940100917953 0.02834041678905965 0.02981698615097861 0.01922112835320945 0.10032273409368044 0.023699612467317388 
-0.064255962460121 0.14545435924147687 0.014937922150436204 0.03095878949403806 -0.02351201534614877 0.03968479153825523 -0.05302630702565527 -0.15743856872523562 0.005383143939402315 0.002005183390116206 0.09752990948585931 0.03862540148754003 -0.11296934948133865 -0.11251990315914694 0.01100799164444995 
0.1386794559019983 0.02263239650923562 0.00955553329360691 0.10884501483245507 0.1511245866883213 0.009185714719580951 0.07732930162475828 -0.006695558849499369 0.03262832749380932 0.04890349037200263 0.010987637901585778 0.023340680756748475 0.12269008267890026 -0.1321116036121862 0.02279709060434282 
-0.07720110997595726 -0.035688867606899245 0.03340612272099697 0.09340610845635972 -0.1342277699110636 0.019024698899320937 0.05644890174879928 -0.04520634837847749 0.02903166609093106 -0.13848701273767128 0.06980115118340859 0.00847156096135196 0.09641154188628942 0.11958790502842434 0.036606412860304076 
0.14460423566062053 -0.08925587716614516 0.038532386815220844 -0.06877836108226587 0.13970404654368923 0.016734475108264524 0.017563739380101404 0.013673813759271083 0.0117608037225254 -0.05063495461459476 -0.06900662317050957 0.009944196121605957 -0.010540852732274623 0.04246209766257714 0.02650005301991149 
0.1577858141271152 -0.05351605870767113 0.012880472551355191 -0.027942782057358066 0.00940116751329301 0.006399966111934839 0.015622952561829277 -0.08449786487143401 0.031078639373000733 0.07251693709474712 -0.020020190491570316 0.007065156696201209 -0.024825314658203784 -0.12820831436062144 0.016745441069391076 
-0.06227713438924383 -0.02965331784052838 0.011335017670067261 -0.049227994897748414 0.1314433634215632 0.037434181802607096 0.13776731280344906 -0.07166649552211812 0.009306251686621202 -0.12144936977236678 -0.1565085002527918 0.008010105954375416 -0.043059834767580546 0.034645550496263305 0.0079840803256567 
0.08001550390701936 0.05566908781894284 0.029313604008735943 -0.06888900201282824 0.05247224182867347 0.03172132079967304 -0.13337215530825522 -0.15719611641737435 0.01128421433713729 -0.14347851768957698 -0.15985805738067344 0.017485955266757808 -0.08060096610788917 0.11156221163970205 0.029847564920521638 
0.09496483038038803 -0.0627438819019599 0.033572578634485796 -0.04424923646208098 0.09825956133053221 0.021551093357606056 -0.1357567027243807 0.03355378703381369 0.02407234869214888 -0.1346038274309948 0.02261437355144751 0.006086053249696039 -0.004257405056337465 0.1479082278823457 0.021981917479745674 
