18.672838559611947
25.47063888333617
74.35632695816702
4.090523451892273
47.75294780052544
27.71946952729443
21.97654570792134
29.474982885788588
54.43115722641845
105.8241673825213
61.905025709812136
19.862749324661074
18.796616451290816
22.470448208134012
121.08226359111254
18.589871197062187
18.156381717909774
56.899848603705706
11.119091871260734
33.918248040141656
66.723678696289
66.69060669142469
46.150631435998505
116.11254940791855
52.82502487286213
43.41295138870535
53.982877100695504
35.83754482722783
29.952945040408828
27.97776535001991
52.56372813711967
42.965153522854585
55.087734414789324
74.06802319517784
67.5327704996927
27.920988479142228
47.93949669986038
47.75713344276439
33.19849095807605
33.24632429521931
7.431627588266062
61.429667754375174
41.363560198850074
72.17099637425673
37.54855533970154
18.521716988421154
40.3586584468751
37.57123544580979
54.2912251586682
66.54450466049886
12.479656677307124
26.6090359241513
21.505315487138404
18.901642937290163
89.10450393680067
129.9368346056102
26.505381136198025
29.79660148201183
12.660860197391305
27.922389107514057
54.39073672478456
48.01068078746225
32.40241774009493
45.471404105996854
35.457908596252366
72.52182976299574
137.4809694245739
27.70539166953231
58.72579340451222
41.769256956339234
16.457843409223376
60.57469224909683
22.849756912059327
46.88966133854608
51.44591781580875
30.480575360088565
121.13750047353399
68.5690275238506
27.85847311112938
35.701257572558525
31.459182890834626
85.30670459450809
95.52685082628605
104.48993703200975
30.57750771015206
19.97635805750501
19.197258973847422
47.673200052417634
11.621133413666705
67.27053616757547
40.5196735064892
64.49992579363396
39.31249265594946
34.32517832759605
18.622461792822463
4.973393105954209
32.679331926326775
56.137543156728725
7.593176936576114
57.6943178379867
