13.061771307333064
49.686036592285454
39.32972799162095
20.5469865558769
64.20337133034106
22.58125129322857
62.06176554662589
21.765321350193716
57.37058255531879
11.830035782469189
23.435929259349084
77.73626737605349
9.697178351619154
43.108412536219575
57.84192791526903
22.838988555103835
46.412812916961165
28.89457350603992
18.242960972438883
23.296141223848
72.44192461698279
33.453165981700245
64.16775975519545
68.16507285285324
55.04152065576352
46.06119153575394
61.510692044627135
53.6211231168727
9.79608815309804
37.92446253594457
54.111630007938544
12.470037512142913
22.50645333298281
45.2661176593995
13.049066766141118
18.9575008818156
37.07976847729745
18.12612528987878
38.024075438241496
86.8575529542997
18.342962527787734
57.56712767257121
35.683236549482274
47.549277040490985
19.063206192710197
81.4624031015342
51.75244446390846
7.498704227843868
30.656856161849845
39.437460636188476
27.839243108128212
38.81974134207496
38.21519876482088
11.47461322321735
30.7761873411065
31.171416241456633
58.11089045546434
24.889474424649684
22.490930315903533
29.400308442955556
11.452774466763756
21.530158925627276
18.81128270771104
21.744639136358476
30.11946838079027
125.04631420151878
8.51703884213004
44.13225818159451
33.3948207792646
16.488334998437487
20.058069650935558
38.45398626365203
20.468730581109554
19.7459221638906
65.95269960388471
5.018354734760674
24.304291382727914
89.96542535952122
15.586829193385295
35.83010914904709
48.58313181297463
19.365814833713294
14.048162404335825
27.423914504068364
51.884971440634075
82.3578563482498
12.2432909272862
24.66646208920576
28.004819006924446
40.294105594933434
21.190139649280766
3.92305296587448
37.11095385395933
57.21242457047778
23.243164435861367
34.42459583397596
29.622977380146406
16.85404171695557
47.701236489873786
11.755297996369121
