21.663641023712987
34.11924102054073
89.5543117768239
4.529160856723582
62.122237748146986
26.54936004391134
25.411077008469587
43.04236844268165
70.65245536396517
149.87793213987405
89.97084259512266
20.310665758134224
22.4602248562961
23.06179241356528
169.31297215883384
20.646353654060306
22.46786553861591
69.0708008069674
13.281785006586064
36.05997538420324
85.854876517749
91.04161988966625
56.25611748410048
148.92331625589682
75.67726712108883
50.84839868939698
72.01095714642746
44.35827590251558
37.18160067144768
35.19965722386244
59.03683151035265
54.64453707521748
72.55146678693589
98.8914471872794
84.14817251767171
35.9045076527677
61.07416856443256
63.73622237418369
37.712184068472965
48.381029106019504
6.787282015204608
87.88657767586595
47.79741116312845
89.39312526739113
47.57240591673365
25.27058124459148
49.084816513777554
45.28584327982655
82.81940780454491
96.09335470748677
15.240805400038882
24.745247659241667
25.545536770502206
17.396765025069037
110.73891251144764
173.12806488793385
29.02275573528083
36.53672712621454
16.814961859299494
37.41405915032907
70.75704157553373
65.73706715591841
42.942273640927134
45.82546886722766
42.48934817488995
94.54974834924573
189.85680238297073
33.877229725623906
78.26448359532526
58.459931719654286
21.993894131475734
81.2440854744934
23.886551653794506
62.437846375030894
75.69880299628964
37.07743294268802
178.2703571530291
83.07856112799351
34.957414093388415
51.6920023670435
36.85683270845568
128.8230091729067
137.6952291421637
147.90032636687795
36.42018008533109
18.209467992900432
12.674331580253922
64.16808949830285
13.338947394282133
82.65724906161974
50.469786993648185
87.74961112909983
52.00621425492999
45.802701651648924
20.24356903104789
5.055601543759267
41.76286929471441
60.91978536496408
9.310490379674647
76.90169296431536
