13.038131862611996
70.35524239807532
43.997448576963514
20.581405402637653
85.62006303773045
23.0057658806694
89.82074179313055
16.1079854215206
72.83097964368618
13.978298789770362
31.808766216170618
99.96771103171177
7.333049684254979
64.27735608345508
81.59458983327644
27.496148873682973
63.054026558516675
36.37469354038224
25.589895334379378
18.703554013524478
107.26319505646634
44.56584433511533
81.15256215669058
90.8358656120313
69.50896228528023
59.6067759687659
86.71377876633785
80.78359868515514
8.392119953775307
39.69554383120818
72.36764664342878
9.368523184389142
27.245888795553387
65.71948596618033
17.028228217682997
18.042440845826015
38.42738424644979
19.469532025137642
48.732103155650925
132.089842257128
19.642472852830952
78.88438772850357
46.327026908675315
56.560404327314345
23.625073023213876
120.01907314788497
68.16814468609081
9.525940421029526
42.208387891163895
54.49201026886882
31.38761091669309
55.57904637130778
47.914689672315774
12.996780490958466
34.98744271100154
37.30817351767695
84.20746497873739
23.43161690479018
30.617146780393732
33.88923523250765
11.31691729639133
27.597178200341908
14.660773352234505
27.13094890329387
42.87199891989487
171.85881069474019
9.681199680766504
45.20850271668175
32.636986008941975
20.714479712972395
23.330569803195132
49.665455695740306
26.72506771697746
20.525850015994614
97.70424885493246
3.7785576804291634
31.98658531243878
114.85437877300892
16.562929240351608
44.68125873929118
69.26473284488473
26.149735000117484
15.391525783796078
41.5326592679772
68.68382155517314
122.6161959988853
13.282998351869065
22.674962880700182
28.369691374605733
42.87367174987042
25.75268008521446
4.567216284301325
52.43362284341057
77.79994919094571
22.625522403673983
40.29595444248898
40.40161819821193
20.787434002912004
62.2662145340371
11.511375716068464
