14.333194913121329
12.921516105483427
52.304137981226
3.454056799242196
26.903206651875703
29.41724665464564
16.993033151246024
9.788843841680444
30.89419368067623
41.9025697206488
21.181780337509842
19.212801275130676
13.480741936135196
21.61237235076574
51.09997739922267
15.605912923906947
11.900437462413105
39.239877119802664
7.981037183654119
30.81057570625192
38.96446506906441
31.357524667908255
31.48763418716774
68.50442236638459
19.666644040087554
32.62414348265746
27.82426197236466
23.474006682542015
19.46420969787923
17.49885882846979
43.17128163720715
26.018466789040815
29.747988916984493
38.049438593328674
43.42395449800399
16.33697199886671
28.881131743609203
24.571610134545484
26.64912014512094
11.285965637181096
8.366551311527362
23.040922031601156
32.02807089700066
47.18180777941147
23.003997638265194
8.72916717437239
27.697040982683603
26.377370579945435
12.897112798360148
23.669421808722024
8.473245386846221
29.313335960404547
15.642960151712005
21.085158343327368
57.71315418337697
67.26678098513595
22.852653642736403
20.016711266315944
6.633265389429083
14.150044233131643
30.64336739488172
22.28983809182383
17.109153659551335
44.957607971011086
25.255327447265497
40.559524288991454
61.48414572543398
18.750098975225363
30.375296991259116
17.55125191946998
8.425064071643646
30.58358249835843
21.345338048021432
24.32934820475978
16.25516550452133
20.908558068444197
38.23829299093563
47.51577483338417
17.557928733071165
12.498734545792406
23.627171988873656
22.16496670941327
34.34097150107964
41.50188924453721
22.09982950948402
22.54005996007781
28.66192125093357
23.73926550076858
9.128594004285382
44.944521022502165
26.082110204670478
30.764826477423508
20.89398254706243
17.67136638727357
16.270229138357326
4.854101466864349
19.49918623197574
49.198516942686695
5.101365680800852
29.824546996011318
