0.00587692066514961 0.004892463427616133 0.005 0.005542318603143354 0.05825789018020385 0.005 -0.06062783502294664 0.0007440042204504866 0.03967448740557179 -0.0017574959219136606 -0.0010865937313269604 0.005 8.010528175999216e-05 -0.00015533605943125297 0.005 
0.0028990758440807464 0.009594113110388037 0.0050000003787883645 -0.06283961807806389 0.001034714432658075 0.03939720633003625 0.009061803404143127 0.020476881701536106 0.005 -0.020124006696244066 -0.03776873381793607 0.00500000156172996 5.072627129826058e-05 -3.0158938392216703e-05 0.005 
-0.05231022867575071 -0.007587529970444268 0.005000003830501791 -0.10269571415835362 -0.0330926711131708 0.005000006252932102 0.01563711651662056 0.0021212598839661745 0.005 -0.01212677309957112 -0.005937858541722803 0.005 -0.0018605957025003756 -0.002509680102961738 0.005 
0.028992696049523925 0.01070053541381252 0.005 -0.062292916630057996 0.024267249653682828 0.020342947699266572 -0.0887599908691502 0.03211602098023156 0.0136729942443984 0.010707711754851664 0.005948000018394593 0.005 0.004133821369530249 -0.005364525218577745 0.005 
-0.061678179027778314 -0.03984197743205295 0.005000001068132274 -0.1159252059345878 -0.05077662918444632 0.005 -0.07146839460312425 0.02656978660316651 0.019739740286449377 -0.01225309148982559 0.007138777815753099 0.005 0.00545471930909571 -0.005893649801106442 0.005 
-0.05174966425683392 0.04629566654308531 0.005000006561517008 -0.09096779917584702 0.013151367311484257 0.02501755950474332 0.007422318502783296 0.04619537016730398 0.005 -0.014227663681023755 0.009832408943235883 0.005000000048773089 0.01001846710448983 0.010090454264343992 0.005 
0.0028921737311043733 0.0326266752143363 0.005 -0.0066080517349632415 -0.09352497138892447 0.005 -0.08524896621142515 0.041661453746457563 0.013156439627823268 -0.0036534986093259393 0.009463136404700161 0.005 -0.02934357688865176 0.02494640271967288 0.005 
-0.04434553605618223 -0.04311275488638892 0.005 -0.03759082350243782 0.021334754227403288 0.016061531358157674 -0.07513387330696941 0.07904250581181875 0.005 -0.012150311078862004 -0.0701080124792842 0.005 -0.03253567823047548 -0.0017827011504737776 0.005 
0.026009550419409368 0.006979059990356402 0.005 -0.09045314752607819 0.044495313311390866 0.005 -0.05694274443995957 0.0005733630544170299 0.03999999861940268 0.007630788501796133 0.004803860951574529 0.005 -0.014480160573835863 0.0013943439857272543 0.005 
-0.022615708819812723 0.002920121532190019 0.005 0.029792934224273357 0.032935046076694764 0.005 -0.05163018329536567 0.04169651837615625 0.02495594800375651 0.00018591775192807795 -0.009239134086480093 0.005 -0.000585317800577218 -0.0007396092876504956 0.005 
-0.0008186766267844859 -0.002296044452285263 0.005 -0.002278994826621661 0.05458456561536036 0.005 -0.05642880914916136 -0.0006183199753881534 0.04 3.1343525087806726e-05 -0.0001375351838199614 0.005 9.933159861703928e-05 -0.00020689969985763438 0.005 
-0.018557743137834936 -0.005949925683924263 0.005 0.030197669707335444 0.020972151005349264 0.005 -0.058503051157353124 0.0013234247390309197 0.03999999891726555 0.0016039193150342846 -0.0024176960534492823 0.005 0.002479562390672546 0.01468827439669304 0.005 
-0.00017071987489706574 0.0002707226522002468 0.005 0.014665996700116018 0.000959381873974868 0.005 -0.05817682692988126 0.016701553209759377 0.03386759477203945 -9.467026249926698e-05 -0.0005661378647649911 0.005 -0.00015306593045225124 0.0004159189380411206 0.005000319834269981 
0.008119565957227796 -0.02792900813613238 0.008899726383274605 -0.10806773943526446 0.01681225625770826 0.005 -0.0588624173105608 -0.0023480338494067964 0.039392562743664455 -0.008645560558263668 -0.03755198505883625 0.005 0.00012032890647522419 0.00011334908137001488 0.005 
-0.061188909015999084 0.014609755471084078 0.005666298918742866 -0.1011600473173748 0.05950205534524592 0.006448082466252427 0.006338473620512607 -0.03658009657224157 0.005 0.005520288891818948 0.009759632991065852 0.005 0.0003721021114167263 0.00043288108350887964 0.005 
-0.0007287862962502031 0.00030092200682913417 0.005 0.0025169106044170895 0.020345297891255772 0.005 -0.06154267189397596 0.0021957194993135636 0.03980231121188874 0.003446186988765219 -0.0015574027022782105 0.005 0.012192027889567792 -0.004188954455911357 0.005 
-0.007367117957106098 -0.0240693750038202 0.005 0.02102337809843825 0.052147606814009234 0.005 -0.05768348138518692 0.001571284875955406 0.04 -4.989644055226955e-06 -5.011210575751554e-06 0.02143215167610602 0.0069877806627344 0.01168035632474961 0.005 
0.0045998398064147905 -0.009250965580926324 0.005 -0.07923869988549566 0.06345072713351957 0.005734006544812117 0.0029466242653388816 0.018542552603921306 0.005 -0.0034106887136517057 0.0008255147458875995 0.005 7.9486485056771e-06 -1.3693636216548646e-05 0.005 
-0.04260697603452972 0.05151914473621549 0.005 -0.05352560808529832 -0.02678753585957448 0.03833308004002154 -0.03692052067225222 0.07947034393047671 0.005 0.03069912920251463 0.0033071620323397543 0.005 -0.015154374746453744 -0.015299517411651503 0.005 
0.009066590297205468 0.000975541353583247 0.005 0.03351817791741777 -0.03600760776219229 0.005 -0.05988808335836713 -0.0003337532288042467 0.039999996995361005 -0.0026273270636891534 -0.012555755292128004 0.005 2.9532879787417507e-05 -6.136899026153528e-06 0.012081247911879853 
0.025217018925313094 0.003123208320978132 0.005 -0.03754578788566685 -0.010860471238316046 0.010050416900138267 -0.05723452976145288 0.001161105630188588 0.04 -0.01860429404135596 -0.010759333235529623 0.005 2.6677050136764737e-05 -1.7719584097541456e-05 0.017466813929146747 
0.04850590611842815 0.009253777078837217 0.005 -0.09441369270263114 0.018418170993487654 0.017670240216719653 0.008935500179575066 0.019054575830568736 0.012787162703990709 -0.031596727849742316 -0.08958839941985447 0.005000007806708347 0.012447896419879157 -0.010826288161993757 0.005 
0.009131130058236908 -0.0020655964263265624 0.005000000161497594 -0.06802528801830478 0.02301544984841792 0.024546557007910363 0.00010661926188353156 -0.019875599787987062 0.005043645841727118 -0.020524693341381545 -0.049942104479162495 0.005000000877880994 -9.120220242366747e-06 4.080021215727506e-06 0.005 
-0.024434037139199064 -0.00835698293835837 0.005 0.0019403983295255079 0.022499522781881002 0.01694623973202619 -0.06706436724552842 0.002994933669482725 0.030048519195904587 0.001134146789950901 -0.0009931666748740021 0.005 -0.003926050284632314 0.019852124684251984 0.005000947056650052 
-0.006530329815178705 0.025702170848878002 0.005329026815452594 -0.08879659072899981 -0.025248334263165178 0.00514238160288419 -0.06424337122314899 -0.0023689264870099935 0.026952588377325108 -0.008160934308196267 -0.004633423625368112 0.005 -0.00026277319622850827 3.8018997629025215e-05 0.005 
0.031174698308970208 0.016604388807856637 0.005 -0.061231332567672825 -0.08251954677301196 0.00502300079668141 -0.06742355371862647 0.05762331356212288 0.013257882460241613 -0.032021268553274564 -0.008245668602906792 0.005 -0.0013549953361392932 -0.008813459309189656 0.005000329942755569 
-0.004156829525884102 -0.0011299768083900962 0.005 0.004993112502980742 -0.01792522980130239 0.005 -0.06172475288815792 0.009205322179715175 0.038278536002484966 0.0021113680260774928 0.0010422670702000798 0.005 -3.9715170110078606e-05 -0.000130839439096428 0.005 
0.03354874798666778 -0.06558846747587581 0.005000003991122056 -0.11343290924653203 -0.031027112050804752 0.023339741492679304 -0.0794615607322372 0.022923164491396628 0.021095517717916252 -0.002121731263442986 -0.10577133210255857 0.005000005961773329 0.020900033745793908 -0.005344328386414199 0.005 
0.011203797492266479 -0.001042230810655788 0.00500000004625548 -0.09065996183928741 0.031497237295753384 0.0065857780572631955 -0.05943373714313878 0.000373883772499467 0.0399999976413233 -0.00021033285366673675 0.00017691766412195563 0.005 -0.005665765270089329 0.023033296296040725 0.005 
-0.014918867065616294 0.006314218422101896 0.007029807800838078 -0.05465390881755938 0.010617969748250161 0.02583910280091166 0.005185791296022742 0.008043057678146458 0.005 0.00012299186855126834 -0.004248191172808567 0.005 -7.597802882145547e-06 -8.72822279713717e-06 0.005 
0.010650628935103462 -0.01133606786140957 0.005 -0.0008596535150431076 0.08092809942958207 0.005 -0.0394366904993363 -0.05506520971466406 0.006711564506488645 -0.021750498318107873 -0.015569811624530742 0.005 -2.7947434204102396e-05 -0.00037754401081203275 0.01410829525498031 
0.02644942485283887 0.0027424768825882262 0.005 0.032550393191191664 0.06718198959556465 0.005 -0.06783809810538217 0.007609542161432504 0.02627331265852127 0.008877851874655276 0.004581323943881203 0.005 0.008354637591201308 -0.00730338746473294 0.005 
0.007576134018284744 0.013114663071705343 0.005 0.04558024442962692 -0.03203351891943974 0.005 -0.061515380115882014 0.00430650180619485 0.03963756553015329 -8.886832630933374e-05 -2.380930289982982e-05 0.029981653447553214 -0.008741475837133545 0.0007461941522108299 0.005 
2.9371183142265343e-06 -1.0997697856401858e-05 0.005 -0.04564284425079918 0.03892875715666185 0.02130930543927321 -0.057539805153510676 0.02099502594507566 0.03563410110321105 -0.0006376834776718175 -0.0013749807612340552 0.005 0.0005442780017062242 -0.002719161170925066 0.005007174861315547 
-0.0014979765318175401 -0.00041995110731310345 0.005 -0.012550814358269866 0.04683622136119347 0.008505043961018921 -0.05424595466720393 0.025114969947257936 0.03145466523595117 1.852186940710941e-05 -8.87034892516222e-06 0.005 -3.628611842038514e-05 -8.493196331855066e-05 0.005 
-0.01966107810844121 0.012416695057499712 0.009499833024026098 -0.05390961486364647 0.02175100128867454 0.021000537780409636 0.004154419879575907 0.0075280729840315735 0.005 -0.0023486184317006585 -0.0041510834599756945 0.005 -5.073307522482614e-06 -4.476614886067702e-06 0.005 
0.007019937233631437 -0.0025825576731537824 0.005000000039733717 -0.0823035637139705 0.060158360751880476 0.00900404202302428 0.010610613214951277 -0.0027919772792695 0.005 0.00026330366847348874 0.00042769627886597955 0.005 -0.0001388370816191909 -1.9998634401693762e-05 0.005 
0.0071080241630951295 0.02155378700974964 0.005 -0.07808153275448534 -0.0027246001767729485 0.011844643364274364 -0.06393125336801755 0.004679159890267727 0.037309748173896165 -0.0003802628803423732 0.002149166667857491 0.005 -0.0008035423205408423 0.03543398251737434 0.005 
0.006544363908750043 -0.0007001594909969346 0.005 0.023639966840006923 0.05519489143347793 0.005 -0.007259373316561805 0.032983646749744785 0.005 0.0014356730218385862 -0.00641054956505027 0.005 -0.00021985857199329178 0.00035868922427026147 0.005 
0.02377065311203056 -0.03115174050617877 0.005 0.010479657251576876 0.01096638821847433 0.031059959435256895 -0.07291044021063556 -0.03602061382563693 0.007135220554495436 -0.015846546209094908 0.012861193426430332 0.005 -0.010923729138912146 -0.006918815783528941 0.005 
0.0022745406999925165 0.01424437881221778 0.005 -0.002537014140724888 0.01890421168853277 0.03283871263979203 -0.05931868709138376 -0.0031712201452789726 0.03759487214542544 0.0011621547344169037 -0.021493043010983155 0.005 -0.0011234037147169582 -0.0005240513786375586 0.005 
-4.99583473340449e-06 -5.000403825422342e-06 0.005 0.003037078446564909 0.0032529804795316157 0.005 0.00023416078233585056 -0.0037987087426577435 0.005000360564348939 -5.0001328276710665e-06 -5.000249406754779e-06 0.005 -1.2328314658267938e-05 4.7716448479099474e-05 0.005 
-0.018423412522988257 -0.036313079895850336 0.019841475814681583 -0.07943578639322284 -0.027427035668805118 0.010878510478406501 -0.06474093429031945 0.01838375565008634 0.03999999533372365 0.0012829596398081942 -0.004601201396679967 0.00994558819143411 -0.03507727933907894 0.03605725797174139 0.005 
-5.003831302073115e-06 -5.005898519147814e-06 0.005 0.0023071494353058435 -0.0010615677291743704 0.005 -0.060837276170313925 0.010209648604474954 0.03620807643215509 -1.7379356429689e-05 -0.000201031528711166 0.005 -0.0036005621545764383 0.0029577550198003964 0.005 
-0.05798632215224996 0.00640031529174011 0.005000006059638342 -0.10656135923312564 -0.03295656821541581 0.005000007573658575 -0.0058885344779283505 0.038898242350436665 0.005 -0.01371607179713399 -0.005714957717048538 0.005 -5.107586023953881e-06 -5.109423406513249e-06 0.025914270211907644 
-0.011654306824450698 0.03537230619224927 0.013147088275999133 -0.05912971863448367 0.01985850378864559 0.02757747332366196 -0.0006215790109462233 0.001325773206599029 0.005003202104498271 -0.0005533648674262729 0.0004710348744373406 0.005 -0.00024674113029847077 0.000488647383143454 0.005 
-0.013429526720133578 0.003378634830348601 0.005 -0.0032445522943870225 -0.009878892527735099 0.005008522269102401 -0.05886423491880261 0.018433070576639444 0.037170101161634904 -0.004851941124458581 0.002291035453371781 0.005 -0.002343896567326616 0.008793991795480407 0.005023031660034249 
-0.030391603030133312 0.005789120643277393 0.009542616895532966 -0.05925976905115087 0.006757246940967093 0.01107298200393827 -0.05735080663816308 0.0069101712229975385 0.03999999928100029 -0.0030111301196648283 -0.022353797399021033 0.005977650406724258 -2.7128964199191814e-05 -1.9876062015804134e-05 0.005 
0.00029238300983663656 -0.000522299115168938 0.005 0.008893621999081561 -0.005369665842808227 0.005 -0.030878252509441664 -0.03099141525887338 0.025419260237118792 0.005500801799735862 0.005247020934074001 0.005 0.0006199365352590409 -0.00199552820820705 0.005 
0.00023054072282286016 1.0811581657275708e-05 0.005 0.006994379839926703 0.04666842327339886 0.006746388003081163 0.0063868802818414505 0.001861250699687754 0.005 -5.043095887880576e-06 -5.021719458208857e-06 0.005 -2.3432015771353934e-05 -3.2842891076747506e-05 0.005 
4.0206682740484e-05 0.00014606892779162089 0.005 -0.049615311067904205 0.02614841193436333 0.02354336727676421 -0.059449980137200625 0.0009685933524761321 0.03999999521437022 -9.154580475171304e-05 0.0006702328663684304 0.005 -0.00945374116016916 0.027934763424415032 0.005 
-0.01824939231372675 0.004994534625331189 0.005 0.03038215673129396 -0.04257629406954255 0.005 -0.061180925645955175 -0.0023969122916907303 0.03532949234157725 -0.004641205251865197 -0.00017161220544187426 0.005 0.0007969056552237257 -0.0009693953253006924 0.005 
-0.0003178385718819082 0.0003142020396345493 0.005000000000561721 -0.05875925396264169 0.021610340546666926 0.03609358276304945 0.0022231371518371137 0.005519936545874167 0.005 -0.003151219602738618 -0.0056820222660152325 0.005 -6.034247876552154e-06 -2.44056043217566e-06 0.005 
-0.016107015619172858 -0.015112759187413947 0.005 0.00516858706077692 -0.06057138175344012 0.005 -0.09274039166857696 0.0494867740237944 0.009790559438144629 0.008493134206964143 0.012671994411762708 0.005 0.019968788480305068 0.05199637421316538 0.005 
-0.027743700720682433 0.037308893882030875 0.005 -0.09240888841581542 0.05935723491732698 0.005 -0.07251100935253625 0.016099712038505465 0.01531651214327698 0.006367842541260245 -0.02023373319356091 0.005 -0.004886299489316542 -0.0028544544165505837 0.005 
-0.01846081105803864 0.016641146745100328 0.005 -0.015000517083276247 0.06575142442649287 0.005 -0.06395817146331596 0.006627592118432612 0.036257585002347555 -0.00010340481177142193 -4.841055697373932e-05 0.008041255029818246 -0.00910932152241533 0.028749973311664644 0.005 
-0.04882873508986787 -0.028699569256909727 0.013051334240473007 -0.07966471909223302 0.007597873250087469 0.039999994090698696 -0.028783798760060653 0.05629901129511188 0.005000001278328598 -0.005622676702401131 -0.0911443111216396 0.005000008516100239 0.0068154410018589654 0.001773116503240959 0.005 
-2.0096433074928914e-05 -4.516714057224855e-05 0.005 0.0110831406055812 0.0091692909340733 0.005 -0.05809795943864123 -0.0038643018211924813 0.03999999806416149 4.9655685646999054e-05 -4.461323950397644e-05 0.005 -5.508735277148286e-06 0.00014595132748888636 0.005 
-0.07485128187758323 -0.050677586922432405 0.005000006002559578 -0.11574206666261455 -0.0031594464845842106 0.015128673488815263 -0.06976429938201044 0.04448101763076981 0.012325291300706228 -0.04626498702073652 0.012849104793363153 0.005 0.020091694523074594 -0.030908668379137225 0.005 
-0.016009726829209914 -0.041549709957243906 0.005 -0.016643256121031076 0.09945542252377898 0.005 -0.031265358164463526 0.06583587984548832 0.005 0.015620997896477012 0.01655787867886043 0.005 -0.010755979210083649 -0.00840563234449377 0.005 
0.03120766058494106 -0.023312509027079317 0.005 0.04395684500941035 -0.06386057799833243 0.005 -0.06458279267184888 0.004600020209412944 0.03520502029427903 -0.00325302461228735 -9.959149323107883e-05 0.005 0.0030412858577740193 -0.008870370527354366 0.005 
0.0003311208763955711 0.0005451564990074693 0.005 0.01973878336235385 0.03209867423535106 0.005 -0.060695807101160695 0.0057086724287484574 0.03270263457832072 0.0009292060331399017 0.00036870756200074907 0.005 0.0004774678242098498 -0.0028329809390634495 0.005006538047610919 
-0.028497446018019526 -0.007596934378210767 0.005 0.035623745912984166 0.04960503735033046 0.005 -0.030892598072951916 -0.05477782778672326 0.005000004534467835 -0.026683351940024146 -0.01680574535762897 0.005 0.006063774532134843 0.0003904226177421124 0.005 
-0.029081477183786696 -0.01969933510935083 0.005000004450050944 -0.09902560486758251 0.039707661551046464 0.005000009100283158 0.0038700107220007896 -0.011983169441219363 0.005 -0.004136106053757955 -0.0004844449259056681 0.005 0.0028921643660521214 -0.0041963209334306 0.005 
-0.038944699959341265 -0.03163942557805981 0.010302132587841102 -0.1134897890871557 0.030739276003750076 0.008021030454308672 0.003689499920505592 0.015122643586786793 0.005 -0.029560074330193857 -0.02660735033064124 0.005000000829181514 0.00030231048193208346 0.0009517430747530948 0.005 
-0.009674121644914126 0.020299302763201448 0.005 -0.07446696173953637 -0.054042540030248304 0.00799086073480953 -0.06223826086955764 0.006637092862321924 0.03999999631776334 0.005601463561559063 -0.01155553567726679 0.005 -0.008855648440573924 0.0284998389363725 0.005 
0.018284064802549224 0.005644976592261248 0.005 0.031205444210457938 -0.009397169426625895 0.005 -0.00471259596202657 0.043319541346457206 0.005 -0.009726359876707771 0.004004521175667658 0.005 -0.0029571653393515984 0.006133710609186664 0.005 
0.004830404372142021 -0.001027998023410763 0.005000000004659516 -0.04737776723355298 0.03525504907620244 0.033782588478005665 -0.001932189864905475 0.01686348471291233 0.006643316817353243 -0.0005773751571101611 0.0001872235780402169 0.005 3.721554224542019e-05 -0.0005844304718352252 0.005 
-0.0005150426887471088 -0.007874160792748214 0.0050000000020751145 -0.05603317999249989 0.035356398621162556 0.02153878073123848 0.012403017708371777 0.0045194700934537094 0.005 0.00019691287344046214 2.8431295984620866e-05 0.005 -1.1337094797480648e-05 -3.312964643123745e-07 0.005 
0.012700378137788227 -0.0189880619949338 0.005 -0.0027529014713809745 -0.0608007959254508 0.005 -0.059893183450592115 0.0004813341828177425 0.03999999532422059 -0.003196606175860743 -0.013242415442810913 0.005 -0.0014556053948014509 -0.0014322636163584322 0.005 
-0.06020235247594334 -0.05389907624899021 0.005 -0.117880981585202 0.07292771588651438 0.005 -0.07208747004117784 0.08617090725159929 0.005 0.019546248028362242 -0.024702491540734936 0.005 0.03365600745652823 0.020064010742821013 0.005 
-0.009235585162497915 -0.04854911919731984 0.005 0.014192715131645323 0.03148065848977788 0.005 -0.06315925844986753 0.007774063200715343 0.03171987871294056 0.005243200986440713 0.008331630016252695 0.005 -0.0017553805754602005 -0.010710550113752968 0.005 
-0.0003453795077905762 -0.0031792140494134634 0.005 -0.03140740899419003 0.05003082908833509 0.01453147774068291 -0.03973818581344092 -0.02996050881206402 0.02824559026945884 -0.008917297064538534 -0.008262562138931763 0.005 -9.320504027501973e-05 0.000131217367875674 0.015668015004790085 
0.0008888567264477958 -5.104113168948696e-05 0.005 -0.01808848427627638 0.019567863574264092 0.024275786888572307 -0.06388074867270431 0.006901774987088991 0.0364470831253053 -0.0014827224560357607 -0.0030154373014437685 0.005 -4.626829016560286e-06 -4.422581014565724e-06 0.005 
-4.826902038562096e-06 -4.930604250197944e-06 0.005 0.001695453005347844 -0.0024298130762088117 0.005 -0.06003662574269324 0.0013442805075638085 0.03999999523800977 -2.0499706693114016e-06 7.951270988624665e-06 0.005 -0.00542390635287999 0.02024056206619326 0.005 
-0.009146578594826463 0.0019315332379678386 0.006319541181906933 -0.09561630314514229 0.0390729982451398 0.005173315487836049 -0.0011686276157357692 0.0024119797422564354 0.00502994921120437 -1.3659807599268041e-05 6.246381117177844e-05 0.005 -3.990672647303513e-05 -0.0003942031226509821 0.005 
-0.016697114224591757 -0.02611023217899495 0.005 0.028929217763553314 -0.03244187129202283 0.005 -0.06068581527361211 0.002679744898460706 0.03999999489312004 0.000780966325589669 -0.0006906874504081147 0.005 -0.001661511188415704 0.017803479374925733 0.005 
-5.531352198805533e-05 -0.00015808324730254633 0.005 -0.020483711292186683 0.008055947350155405 0.008682199962753935 -0.061112398194604574 0.008384502108445383 0.04 0.00012338168065658214 -0.0003003434188013813 0.005 -0.017325372367364544 0.0741644616566623 0.005 
-0.052766258108232364 -0.0331246120712553 0.00500000893445724 -0.0714167515686759 -0.00599336530214966 0.03999999551926079 0.03480048239971121 -0.009718030985224967 0.005 0.025973024517052263 -0.061948967438169716 0.005 -0.00462623139709032 -0.003919664190137774 0.005 
0.004528982518662709 0.0004554207956685616 0.005 -0.061486474208834685 0.00020198815444484329 0.020834057111261156 -0.06178688732910716 0.004843909191422253 0.03749017014561153 -0.009260332286164184 -0.0097491979181097 0.005 -0.001748870562102214 0.03563324016224421 0.005 
0.004608490114368645 0.04344065624065008 0.005 0.012421332711493144 0.01669917055570227 0.032616716935284236 -0.021659838281375278 0.061095874914116235 0.005 0.020685269026074316 0.0017898231264106743 0.005 -0.004432029440806403 -0.010446042136294542 0.005 
-0.010248344625147328 -0.02872950330921812 0.005 -0.10226260591338002 -0.0065789604308524475 0.005000014954962366 0.0011740194621745477 0.021413072574963544 0.005 -0.0002377481470780319 -0.0003968639330782279 0.005 -0.00024120698785329032 0.001572536946622329 0.005 
0.000989567931924081 0.007465432696249772 0.005 0.0065201608652476 0.07125919236192606 0.005 -0.06039261520190258 -7.897962156955363e-05 0.039999996714668536 0.007171881081369609 -0.002521161758775888 0.005 0.010118732540201248 0.005122854689965831 0.005 
0.022036994158062588 -0.034207852328598756 0.005000003070373978 -0.0766387637978724 0.02288979315238392 0.014051060797065121 -0.059179587040270674 0.001244495284827253 0.039206000628763574 -1.7353001868892873e-05 -6.621490456581708e-05 0.01969085953429796 -0.012938122282142406 -0.00540672427534254 0.005 
0.008200771261268986 0.011358645768025857 0.005 -0.01270028104935731 -0.07501455084172748 0.005 -0.07766698899503327 0.01577120980236354 0.019010058790524826 -0.011940050861910424 -0.02512977390193897 0.005 0.005064652321656048 0.004770692527436677 0.005 
-0.04211244400016078 0.040928230418386606 0.00599413951208177 -0.08467141378296866 -0.018301705083799562 0.011334910117940078 -0.06441056659777142 0.020604641677451182 0.02208992042400616 0.0009049998452917606 -0.009294558219752422 0.005 -5.147550810304407e-06 -5.167485610216042e-06 0.03058689850386607 
0.0004716660811596286 -0.000993570838583845 0.005 -0.0032473967265219403 0.0012777850668231605 0.0050287420554168535 -0.059729107101306994 -0.00046442143058471786 0.03903656736611115 0.0009927091380017626 4.037444618615457e-05 0.005 -0.0002705140334093196 0.004428108391026946 0.005 
-0.013452122795792857 0.02083751691438897 0.005 -0.05511318561986848 -0.0011339855097093506 0.031475787314444954 -0.058691340150995676 -0.002201841976646798 0.039404950573084616 -0.0008173720175215822 -0.0008191983418942626 0.005 -0.0017394729694099542 -8.499019240104442e-05 0.005 
-0.034801241580937566 -0.00309472302400765 0.005 0.052481076491942606 0.002652177577593572 0.005 -0.0590879386170427 0.00243855936334886 0.03999999877538229 0.008770158087628571 -0.02729871227495533 0.005 -0.0004775430192353201 0.0027862496053693746 0.005954051501202852 
0.029182619144996147 -0.018495559520510525 0.005 0.042135352487211654 -0.06762747180471258 0.005 -0.07024503394818395 0.010473674268024135 0.028043347262461178 0.007109107538609364 0.0031022110276177368 0.005 -0.018138342085306923 -0.0017037624373784 0.005 
-1.662773755320714e-05 -9.49973402785983e-06 0.005 0.0023677804840466503 0.006628907410702722 0.005 -0.05984311790390905 0.0021275993635295034 0.03892874359394263 6.278582409156273e-06 -9.872134888679734e-06 0.005 -0.000514757172057477 0.0026082209869443722 0.005 
-5.000325343219069e-06 -4.999985447365234e-06 0.005 0.0009631358650756652 -0.0003650628336001496 0.005 8.013430711668183e-05 3.702139459416452e-05 0.019934309011340145 -8.601442019499857e-06 6.7088702314777515e-06 0.005 0.018208317610052895 -0.07100868282458642 0.005 
0.022368118377616195 -0.027929598259072055 0.005 0.02401417898590965 0.07705559011774742 0.005 -0.09256598056958296 0.03920696709774909 0.011016892003682386 0.01794902052725791 -0.049171767468929706 0.005 -0.012472563988074505 0.0050893240832053065 0.005016580633453087 
-0.0020723373095587125 -0.00021609648175728393 0.005 0.007900922034560606 -0.001109008204085694 0.005 -0.057013554190843994 0.021148165213526145 0.0381975823379194 -0.0024025959132888994 -0.010894196486293686 0.005 1.728931150402406e-05 0.000468167348457857 0.00500000000028571 
0.008695683610629546 -0.006729906031708089 0.005 -0.046070569432785584 0.015466551456408083 0.023250980161117003 -0.055835036369235994 -0.001529053907686746 0.04 -0.00020015811506523398 0.001083283435871524 0.005 0.001024792697617279 0.0018446659333073564 0.005 
-0.012793011188201687 -0.007528046747773173 0.005000000636629678 -0.06497963699980215 -0.01675610338763247 0.016963194792443632 0.006014609465570209 -0.008723465838634254 0.005 0.00011109263151326306 -0.0001523752957668837 0.005 -8.262205875554644e-05 0.00033827052436641883 0.005 
-0.007863913896778629 0.007982549060071198 0.005 -0.01638582808682263 -0.05741631645279627 0.005206313258108912 -0.05816422953615979 0.003986348812878243 0.039999998563692046 -0.0003233398329480842 -0.0069134465687187095 0.005 0.0002380837309922862 0.0005502086033325535 0.005 
0.00962916818696342 0.0038586356756075413 0.005 -0.06605298705443073 0.0006173898444728274 0.016855108163681236 -0.058312993582366524 -0.0009397119709718661 0.03999999626232289 -0.0012007985069463216 -0.011165926111614726 0.005 -0.00018097840113986507 0.001274870989210536 0.005 
-0.0007922265058808969 0.019771364740201473 0.005 -0.0984008710733902 0.03459747701769793 0.005 -0.057637842830120335 -0.0032480233127802644 0.03945749001019404 -0.002876049357065251 -0.03518497838618867 0.005 -0.0004101364974515268 -0.00017384347992683015 0.005 
-0.00011797407116520373 -5.0906425441305595e-05 0.005 0.010328012419087748 -0.003933317374269864 0.005 -0.06116552283763891 0.0036307818590068214 0.03966729573911305 4.421716559538113e-05 4.9990879775037666e-05 0.005 -0.0001347097780519527 0.0015499465103111414 0.005 
