22.300768204851064
32.4909092872763
26.904807483917523
38.613380661585346
9.511052424295213
24.61359345429593
16.520002010669465
33.469354354994856
42.561812288126156
28.17927427307724
14.165120345390477
44.875162905302936
32.53836231318295
36.82373607466131
24.755611918811557
23.790159670864508
32.031548329923645
33.402228674404704
18.006176785972713
29.662395872153724
21.436539080051045
25.306662991475577
30.932225173725637
20.964432640599142
21.5758532432906
16.56550008045527
10.105778658233088
24.247954084985015
9.511505617904067
15.445221983045423
38.85818948967989
16.301499325587162
38.49847186423515
5.2081817967033865
32.44099246332251
18.68168751485875
25.36577936600134
4.858699415697672
24.855814140858413
17.56400436480896
10.650719469506074
17.38897383521916
8.26362466798721
23.00949189873867
16.040729124228626
19.20293935800324
16.165826145739295
16.36736747083121
43.6876017015981
33.724840754647374
26.0904754869904
9.354364281040587
14.079130946230624
24.78107560367293
41.40157474280355
8.274175999256899
29.582528091998952
30.7400126023121
25.07773997452023
28.01130374571266
25.776411996902738
10.531506974489997
29.276158282154398
18.064060294847003
17.964054808246622
24.705511622780936
32.35496256198572
20.786850786994698
46.051670985752125
17.772171677090974
53.15152700035967
18.26547943250739
20.396944604281178
14.299309857905211
14.889212305472212
5.524205235914788
8.889277006347571
6.380959105498956
17.602373288052263
21.655108272247013
21.455120946669417
10.673080569969601
14.441012527272688
24.632489126244653
60.518938698041964
12.251348760814949
15.996428739587655
41.30719408561569
26.578903476521447
32.24371424487218
18.284246333251495
38.67496940773886
22.709141160568656
16.611693683965186
16.18451581391058
25.05578172771124
26.035078536000995
21.884141063638985
9.317356912588286
23.661239700758156
