4.891026031257297
21.971960683720688
35.33274586704468
10.116907800134062
16.409901212449086
48.53190270381607
28.627871812133854
23.9429074667085
21.724222736556833
33.920976199459744
58.73054631694515
23.490296265601067
37.62001912237316
46.47986959268317
61.851070437441635
70.43316515155584
52.78713472196494
28.102891466095237
57.99719051352656
31.11906201222712
79.00998401868831
14.04465368395729
22.974050085090823
44.865770782732525
67.05567225944709
45.91237250888214
5.481106428930617
9.990591995706676
13.981390396211687
16.195716051064633
38.841134301340944
20.747589341475358
39.56532173706928
22.910379277708365
19.08963323030035
9.218785539813794
20.40632713957846
30.473966559646428
66.62173604484234
37.36441156114597
19.107018869094354
54.08587232719835
59.93665438678774
23.9425981339473
33.93508606861489
15.037857251044276
7.864614607080746
147.33220962689478
36.36158691092412
19.10467808740573
26.607072586584614
45.87226860341983
21.756566904885684
29.659889365472075
33.650212686951285
12.805282324710808
108.87401387321805
33.10392645464411
12.730560306945371
37.898094873818344
72.14700979667519
34.75866584086842
26.038712243775393
42.93978186237219
49.66750616027784
12.569698870999115
20.519410641278323
15.192664024314386
37.98631125726597
14.29412870014788
46.31466568565075
45.17453926805695
42.08642683353463
52.06535004633244
14.461251180013894
61.02556134999122
41.887963663149385
62.75701617563781
43.85589769573295
11.318046028063325
32.21995537955968
20.021431634772767
42.75105913135327
32.36091710567477
44.0757363345207
64.15767936233308
38.71535166317084
13.913050084406535
24.7251460303563
34.52959962988348
36.32155261429057
13.474438598959308
25.662695813914787
21.942018978538627
29.54383182848354
94.77914271514874
61.517414531564185
44.05147152189156
54.67399780384217
26.198115576551068
