0.0015233043673391624 -0.012042358293311005 0.005 -0.0031496619589421824 0.04876476460083503 0.005 -0.059985746444980385 -0.0006085263676832867 0.03999999487623322 -5.07485260005651e-06 -5.351472769733861e-06 0.019366552418879735 -0.0019080051793213626 0.00414232843651771 0.005 
-0.03792316701925773 -0.019997851732615125 0.014422866166133946 -0.07406947037335174 0.009638061815729902 0.02844391066947101 -0.061061112134708766 -0.005641652289763844 0.03219525131920999 0.006016498317669903 -0.02266342364958161 0.005 -0.0018396041901844156 0.005812335104750374 0.005 
0.007286492078187623 0.013326569831923468 0.005 -0.05401982718970506 0.015162736583300189 0.026428218443764 -0.061314695382803146 0.0026994257416822396 0.039489819922794614 0.000391608369044944 0.0017664098467389752 0.005 -0.00604003833000873 0.03663612190666858 0.005 
0.0047876660397227514 0.010777893190087536 0.005 0.04808759990587204 -0.00025261382902739545 0.005 -0.059353439859049686 0.0006887705809873505 0.03868946955217588 -0.0035329180929144287 -0.002309182807254277 0.005 0.0028239982695597134 -0.003005913516662414 0.005 
0.015497986680198098 -0.0024133290195885 0.005 -0.09563350350565207 -0.03140715723330608 0.005 -0.058883000863727115 0.0006336691347830199 0.03854599327966677 -0.005292149646624902 -0.022227809106690744 0.005 -0.0016549232841602268 0.0007340473485912513 0.005 
-5.017756412900932e-06 -4.993389564474598e-06 0.005000000000000176 -0.051087233421811096 0.03023526449449302 0.03217580575711516 -0.0005052935995585139 -0.002594089011752118 0.005039507270959872 -5.021411354975861e-06 -5.022318570493851e-06 0.005 -0.00012712506692691907 0.0005821635684013873 0.005 
3.5698778545036216e-05 -5.934730714462969e-05 0.0050000266340795105 -0.06132895249641065 -0.007042203881538162 0.019567948489855533 -0.057785284067508214 0.0018290543480454545 0.03999999876800863 0.0021486392249532313 0.0003122471711831845 0.005 -0.015600435026224994 0.003995882175022176 0.005 
0.0029721259689221313 0.0026718422440629684 0.005 0.03414177344260311 -0.02650632311933746 0.005 -0.06015828882096516 0.0016231913522364511 0.034964007071943505 0.0016734691924287872 -0.001806021101437225 0.005 0.003402026020215348 0.008412859417952102 0.005051578828240015 
-0.06745888268996025 -0.0273441453243477 0.005000001943083624 -0.06320291107579294 0.011004357005535797 0.0365497406039173 -0.01857028707333252 0.0022552641989704875 0.006270271383400707 -0.012802453743683837 -0.019819214009828733 0.005 0.00040357326997723583 0.0002633624865182293 0.005 
0.01930814685157256 -0.039108121815198474 0.005000001079203244 -0.08195834529328339 0.046643643638042895 0.009432291809243628 -0.07744960889085616 -0.006151503295306065 0.01580344835443766 0.010067531742178549 0.009392989505338834 0.005 0.016144946759919523 0.003523186671560414 0.005 
-4.9982899734691495e-06 -4.996086852831104e-06 0.005 0.0038462274410706564 0.011704903314586915 0.005 -0.05723609880400182 -0.0002735255590070324 0.04 -4.971968914882123e-06 -5.021997738182128e-06 0.005 -0.0006138762602360114 1.8497463503322223e-05 0.005 
-5.516667996693148e-06 -3.9004453490431386e-06 0.005 0.004035874060467307 0.0038451236320410816 0.005 0.0012474763622283825 -0.00014071265338431993 0.005 -4.999352633239368e-06 -5.005491455569721e-06 0.005 5.9898793819248555e-06 -6.248095367117325e-05 0.005 
0.031903084271989304 0.033287500157286334 0.005 0.011437238969554933 -0.004967879227683904 0.02137215944791669 -0.08101662680113 -0.03710268562872537 0.0050000070764435025 0.0255273299885849 0.0037700481866836098 0.005 -0.0011084199094861667 -0.012054015348488009 0.005 
0.04001192865393706 -0.026451829856207608 0.005 0.06964200548877639 -0.022453527026465393 0.005 -0.10406367230979469 0.03754817945432442 0.0070134269102590605 0.02353816956359572 -0.06002922633147742 0.005 0.0037218577514551176 -0.004948850959974457 0.005 
0.00020968065004602456 0.0007755497956010119 0.005 -0.06405755526543928 -0.011731371771055769 0.01571892414949724 0.0032499380212968783 0.007831124173913078 0.005 -6.599326929579401e-06 -0.00012044528615942122 0.005 -5.2841226121834e-06 -3.780683070403579e-06 0.005 
0.02092523021405741 -0.03503576072099891 0.005 -0.09207828131730442 0.059420286552470385 0.006834440359008048 -0.07978001390239839 0.040208240567544566 0.010434989001269107 0.014517964379460919 0.010008210822751737 0.005 -0.014128622082708861 -0.0031102597008567487 0.005 
-0.01120753025906035 0.021417383385345434 0.011697846770552564 -0.10092087170285698 0.037226643449498456 0.010367494182807893 -0.00589906044328575 -0.01873032420653873 0.007497038112329374 -0.006003305729580087 -0.009690099235307633 0.0050000000577146665 -4.999214011855854e-06 -4.835871915917939e-06 0.005 
-0.012424888850277989 -0.02257267935013363 0.005 0.017324060823994982 0.05923201138639449 0.005 -0.056625013357109455 0.0008513187772991902 0.04 -0.0007314035412435433 0.002707366715563585 0.005 0.0018908086057395877 0.0005557678657826302 0.005 
-9.064937039275832e-06 -4.035555842219127e-06 0.005000000000000073 -0.04631467213334501 0.036761792410613586 0.03293004503861879 -0.002463602623888594 -0.006690258172622868 0.005558816786487007 6.247345032046544e-05 0.0002395642786441402 0.005 0.0010108857227465278 -0.0007492231769539115 0.005 
0.00580053096304102 -0.001245917521037939 0.005 -0.0025644778004275475 0.05500014986943288 0.005 -0.05904633071282975 0.004540308405835802 0.03599223408266317 0.0002782402162882544 -2.0493038442368807e-05 0.005 -0.0006476460393325087 0.009224337989747203 0.005075804654331089 
-0.000978420878016312 -0.00491404776627666 0.005 0.019457652059822382 0.015422462981178475 0.005 -0.05799694760252997 -0.0003273638842419034 0.03999999796084897 -3.157864125624803e-05 -0.0001550818328144155 0.005 0.0005886489926873004 -0.0003166664869116888 0.005 
-0.0011250444570062217 -0.001348734900074565 0.009728370624840143 -0.02971712487089517 0.08231212418448326 0.005000008200337328 0.005294425647828165 0.024880660388114175 0.005 -4.9888648932563454e-06 -4.968563731750644e-06 0.038926605912092946 4.1533043279882e-05 6.79436709874971e-05 0.005 
-0.0038416166111102158 0.0016267512536281056 0.005 -0.02179267593097317 0.004149792394760917 0.006488205928531276 -0.055145547194992504 0.02668996183773752 0.03273397975742848 0.0009423952475831657 -0.0009784329320069948 0.005 7.806948754404969e-05 0.00014687289410054386 0.005 
-0.011939392586233033 -0.012957657792001656 0.008070292224381409 -0.05861398078927331 -0.004644003659767724 0.01827301082955248 -0.062435041252312556 0.014926944965736091 0.03999999608662306 -0.005338451622090312 -0.029476536153250594 0.005 -0.011755617896587559 0.05045452046537285 0.005 
0.005892257464249077 -0.015830381966145227 0.01065962785171842 -0.1004372108972696 0.004430307507328934 0.005 -0.06082393016210665 0.0020141011386625228 0.0399999963801574 0.00015479717530005952 -7.392778142015022e-05 0.005 -0.008206852649147469 0.027751843327381166 0.005 
0.05109040766963832 -0.002267159748622415 0.005 -0.0454944078518736 0.03756597558399645 0.031424501321787104 -0.09691436948729878 0.05629818498307015 0.005 -0.015270648505189558 0.024181501255559196 0.005 -0.015118422180420272 -0.0294883641327816 0.005 
0.006133499260666263 0.00702938654536868 0.005 0.03841430947608121 -0.0007681582472009052 0.005 -0.06024033838819365 0.00016886784259391362 0.0399999963660845 -0.0012737719548102555 -0.0016282138409551767 0.005 0.00023330135241014633 0.00016019939355786767 0.005 
-0.037406190938871875 -0.05331002518978893 0.007098765754166274 -0.12523844508203727 -0.013636149739816297 0.013479388771032531 -0.07530060994311152 -0.027561223601324545 0.008252527693014171 -0.03012019325104157 -0.08243804133372293 0.008580085065939417 0.0186459708067516 0.03836845517384108 0.005 
-0.05427681145673275 0.004669347517953007 0.005 0.07401451174428351 -0.026168370852101754 0.005 -0.10217927457214117 0.04609983521819181 0.007293286984854993 0.000717993378437986 0.016752824696776237 0.005 0.027317050791062662 0.026028041460315083 0.005 
-0.0013151639864532791 0.03612892702554135 0.005 0.05371146636071642 0.060336786949355306 0.005 -0.06820209593122484 0.05153816782602451 0.008728219710106892 0.007188374001239406 0.008345961593257586 0.005 0.011170578109764552 0.006826221937106965 0.005 
8.1470996291264e-05 -3.675273156599514e-05 0.008093986351311536 0.006134240966047875 -0.005150484690925271 0.015713418979361928 -0.019800782614197095 -0.03815196685801476 0.013282653217299236 -0.004260088701552695 -0.009810195484920039 0.005 0.00019152180358783397 -0.0011772376399851766 0.005 
0.009449293364944005 -0.00388991807293691 0.005 -0.02679498554332091 0.08584559108151246 0.005 0.00568542093284809 0.03233564450474495 0.005 -0.008908454602432697 0.004194036204992244 0.005 0.00040383168568406064 -0.0007156782612344919 0.005 
-0.014448156391536722 -0.06475075015546751 0.00721661614357549 -0.1126227040581048 -0.06001054178506025 0.005 -0.06190471752986448 0.010238014844745985 0.04 -0.024625706099990787 -0.029486163821466755 0.005 -0.005716167374766358 -0.006651183297688988 0.005 
0.0008890466402630483 0.0027524048334946127 0.005 -0.03654351410628613 0.07186065829760502 0.009926471431223315 0.0044779980510830895 -0.0031839460237215083 0.005 0.0026747498551669357 -0.0006542835225376292 0.005 0.0015187978864677622 0.0020737537631508405 0.005 
0.012615079988980916 0.01737584753227295 0.006872871400711066 -0.054205318615275305 -0.008161560225485332 0.010507408988940942 -0.05702486992905974 0.003313745193446667 0.04 -0.008717099402625232 -0.0025314706103812764 0.005095298906719773 -0.002057860482608145 -0.0001468133302527667 0.005 
-0.06376238250236069 -0.00025125303056057913 0.005966392422817414 -0.11557362737124638 -0.020322246526544276 0.007568114881652747 -0.015550556855688163 0.02259439256834552 0.026342827598345032 0.006698751408151425 -0.010516994355496268 0.005 0.0015214265230026208 -0.0003266802935181245 0.005 
-0.0031013098544792617 0.014237261423959107 0.005 -0.05634038460901042 0.0095955743303465 0.026547428109099436 -0.05876398487269855 -0.002411616313383819 0.0399999944503152 -0.0022893545686602877 -0.014328335287004218 0.005 5.93616554840026e-06 -3.743909737667765e-05 0.005 
-2.7856769856913874e-06 -9.962831818504265e-06 0.005 0.008758148683254394 -0.005221488832261834 0.005 -0.06198148707125492 0.008993291396781218 0.03760538167549614 -4.9857483025838146e-06 -4.9951360607098515e-06 0.005 0.00011310931463451194 0.0034478175502336717 0.005003663871454919 
-0.000292508807609451 -0.0013209499328984348 0.005000671569739534 -0.056662075598497855 0.02284175025243856 0.0273669072912959 -0.004190824271460775 -0.00999535028684333 0.006378300769657847 -5.032633736498126e-06 -5.0180001531412666e-06 0.005 -0.0004601118863231144 -9.749423433914573e-05 0.005 
-3.541671943910329e-05 -1.6399663891047734e-05 0.005 -0.01194505025721293 0.04941207030961127 0.01880179989415309 -0.0013078714454800497 -0.010599133661899239 0.005326866579860449 -0.00047305288556715434 -0.0002519520327573583 0.005 0.00010360612228344057 1.0198211933540156e-05 0.007999091084381831 
0.004429114114279304 -0.00018775867522858705 0.005 0.03099746300583022 0.001010602178158946 0.005 -0.06245977969118369 0.004097412632665294 0.03885833895897893 0.00034401184012005357 -0.00019852130905559332 0.005 -0.006293407515659224 0.02805848618014266 0.005 
-0.009832495580429352 -0.0041424722790686245 0.005 0.022362859779042687 -0.020621277672253798 0.005 -0.0031606861678956555 0.023984671022649708 0.005 -7.748740507306062e-05 -7.246377893032906e-05 0.005 -9.934422288947236e-06 -2.3706569832724117e-05 0.005 
-6.539225890773646e-05 0.00015529476274860516 0.005 0.0010356844422072019 0.0006710645336379566 0.03912997392825757 -0.059401145390637324 -0.00010515850893100191 0.039999996664688786 0.0002758372747177497 0.00016506464113102273 0.005 -0.00420980804209942 0.00345417078653261 0.005 
0.007068417105661801 -0.012128898500868741 0.005 -0.07383433226063908 0.028128760412868867 0.011999678317254353 0.00923101541513202 -0.0007119653222979306 0.005 0.0034623216286884524 -0.004591409218042572 0.005 -0.006574897411946333 0.0450303852705624 0.005 
-0.01656531163753804 -0.017099523435156888 0.005 0.009939974719777167 0.06001629081418735 0.005 -0.06313033502502079 0.005139385203143988 0.03854020165167298 -0.0036607444077970497 -0.0033155148367991147 0.005 -0.006489122385127454 0.03427422988195212 0.005 
-0.05477203706826839 -0.01963083002725679 0.005 0.06540064233404198 -0.056110809077408424 0.005 -0.10470572179201294 0.02571328194093941 0.006913255405339762 0.022986630640726053 -0.0002336491747336009 0.005 0.0005645944512882087 0.0018216508994459925 0.021692944758581457 
-0.038652912597038604 -0.01644389541490408 0.013252789993922426 -0.07112364152098477 -0.03978328488832842 0.005000013061805241 -0.05037443713393154 0.03928997176665415 0.025484545970885238 0.0005679448375809763 0.0003806925666375413 0.005 -6.136192051594794e-05 1.517944779387089e-06 0.005 
0.01059280102812088 -0.025772602689192636 0.0071030725025248535 -0.06316751354665254 -0.009672255774600066 0.019994551850175686 -0.06067216689090434 0.0016887162412587268 0.03999999623355153 3.5541020368997746e-05 8.970951593084278e-05 0.005 -0.006914326133783817 0.018217531455691063 0.005 
0.009810872497283742 -0.015306450210390092 0.005 -0.02860900938785703 0.08663195041969302 0.005 -0.0033401581051853745 0.04002156530923012 0.005 0.008641762112397644 -0.015000161550472946 0.005 -0.0013834387049850533 -0.0007857132797517848 0.005 
-5.00061747055391e-06 -4.99992670055592e-06 0.005000000213137931 -0.045304133985076746 0.012351223595621533 0.028461349618827618 -0.06226517382725982 0.009708519645831118 0.03703758640406705 -5.0001366113016874e-06 -5.000297886431057e-06 0.005 0.00023085998689193371 -0.00026030489339959095 0.005 
-0.0011290114876269654 -0.044561311669560816 0.009836928751314896 -0.08078525512023736 0.01460845243774961 0.013561775823088198 -0.057553090016253264 0.003947481051116288 0.04 -0.0043566642932406285 -0.011617615162403706 0.005184167599998858 -0.0002740069406654922 0.007451993445055383 0.005 
-0.0041128374306144445 0.0011525765740831718 0.005055803035826267 -0.04918730726597676 0.01897546860654648 0.03226862981118502 0.0019119112381618775 -0.01678667926261158 0.005 -8.493004380221876e-05 -0.00015963120514565825 0.005 -1.3333691664148006e-05 1.0073970833258645e-05 0.005 
-0.039213548491717154 -0.038779956308195536 0.005000009799412988 -0.08312143897858966 0.02937892991508602 0.01391777849098209 -0.032240571131963866 0.04475346223893577 0.012146716000344122 -0.011599992754133438 0.017257569146806324 0.005 0.003998935204841567 -0.0018518476129212827 0.005 
-0.012477420420112045 -0.04757492618143519 0.02356949747905998 -0.09706284285591865 0.001406205884088384 0.01005116892296111 -0.09791651733577886 0.047191450819940466 0.008426217943020427 -0.018716538690469964 0.030821002919240018 0.005 -0.006696942923859518 -0.021026477511186695 0.005 
0.0014434873037375178 -0.040372724623046606 0.005 -0.06020247190693652 -0.020938213741465737 0.017544856992824126 -0.059724797726309925 0.007125585876073168 0.03968324774227198 0.0001687366499021989 4.424050830102815e-05 0.005 -0.01261023901113876 0.04143495541090183 0.005 
0.004559320331743069 0.00473988523495426 0.005 -0.03327684450127636 0.08046827701528952 0.007717444333176996 0.006972383804546948 -0.02009812084618274 0.005 -0.001187341680945457 -0.0006086981425182128 0.005 0.00020013247898824588 -5.6181504892166205e-05 0.005 
-0.03845692358418012 0.004195682691046954 0.005 -0.07301308074788386 -0.0510971795668962 0.005000009155447934 0.00462748589162666 -0.023156025216943227 0.005 0.0019375626043716427 0.0006735477107056442 0.005 -4.0899089737091634e-05 -1.9348478685302946e-05 0.005 
-0.001686497514029279 2.3798763721053295e-05 0.005 0.024860836415078795 -0.012647667851698295 0.005 -0.010999683470416367 -0.037302087830161965 0.006777768267668758 0.011613656703126588 0.0013566267607502494 0.005 4.562482696712648e-05 -3.48863930882616e-05 0.005 
-0.004703280994249158 0.0017352539879294882 0.005 0.02095657996774298 0.029037870626087 0.005 -0.060794505934888235 0.00031305158248061193 0.03999999387675108 -5.098588973838891e-05 -0.0005215687533524237 0.005 -0.002373589141711042 0.011897343300939096 0.005 
-0.029610272246935673 0.029771933590914002 0.00784610083991729 -0.07319384375516566 0.01392499604734596 0.03510337251788269 -0.028796139869704473 0.04303555654732823 0.005928117200273741 -0.032557679292966386 -0.08568429870320605 0.005000003338658261 0.0007148652981595274 0.0025359123453244353 0.005 
-0.010788228118114813 0.01442669509956143 0.008344396338090728 -0.1310678248355088 0.02767198111397706 0.00646995619811375 -0.01709281751732335 0.015683384877486918 0.012063585120098034 -0.035469663361193754 -0.09520952676597735 0.005 -5.000059295498863e-06 -4.999761083697554e-06 0.005 
0.0002118869919004911 -0.00019053427804554282 0.005 0.0026748150412262734 2.327601945621723e-05 0.005 -7.082630327760576e-05 -0.0002054759920273973 0.005000116003264564 -3.732457470821487e-05 3.3422778689090984e-05 0.005 -1.854124118029308e-05 -2.125789885647492e-05 0.005 
0.00141115705080817 -0.015677326438984153 0.005023016835439718 -0.027050890568135467 0.014495887385774031 0.006392405770685144 -0.061016958331339924 0.0042919877985837076 0.037906475116103754 -0.003661301466984209 -0.01904993011772608 0.005 -0.011786674034926383 -0.005157354881029316 0.005041883459199195 
-0.006890418791288348 0.007218200411021821 0.005 -0.03014562476914867 0.07806437037500362 0.005000010700366272 0.0037641168960525404 0.01361413742612809 0.005 0.00109080377043988 -0.0010548725807800847 0.005 0.00018705310137021833 -0.0006018813368088736 0.005 
-0.014730700194182201 0.03831014111549583 0.005 -0.0052860689709289385 0.06521807031376427 0.00781584991246702 -0.008848231525179039 0.05367059421279938 0.005 -0.00743529831360803 0.007619319609751119 0.005 -0.006273450141141636 -0.0019136160323831404 0.005 
0.03691550511955557 0.010162198657365442 0.005 -0.07987759973030205 0.008167677485504609 0.012701272126788085 -0.08264066099414817 0.04572788560573593 0.007688382039054015 -5.928983218290689e-06 -2.592397651839982e-07 0.027804904394603716 0.004688092500055427 -0.007978976378512836 0.005 
-0.030467286980304736 0.007876420759059527 0.005 0.041817541183669565 -0.05313146676714216 0.005 -0.06112039560296893 0.005535852582768041 0.03384497853511101 -0.007649494553751377 -0.0015171710335858556 0.005 -0.0009285471247038843 -0.008326551027509737 0.005 
-0.005277866950395262 -0.003019180668213798 0.005 -0.0016339532105390697 0.06090350978634864 0.007151059240532228 -0.02672369642997596 -0.037329249248346595 0.010755913962016379 -0.009281770868343716 0.008469929276623012 0.005 4.096000698946358e-05 -0.0012593782921853408 0.005 
-0.020968211807530047 -0.0023886926903171047 0.005 0.01576304634152708 0.04582806444604805 0.005 -0.06160623442913809 0.0024370680720753085 0.03890737512466828 -0.0007893922066876201 -0.0008050939269792928 0.005 -0.0025461312863008932 0.02404767983026898 0.005 
0.01645108410268794 -0.02570508869601047 0.005 0.05459645370235028 -0.055777228512007095 0.005 -0.012193957969732034 0.059675128582385314 0.005 0.0013168988870183474 0.01310620082279828 0.005 0.007230490333643234 -0.0023581212428545857 0.005 
-0.011565337676385094 -0.015725668899496146 0.005 -0.03232718730720946 0.06118761390842197 0.006058350541953499 -0.0590267625826653 -0.00010234464811448036 0.039999996689116746 -5.921558722419904e-06 -1.3765882111958769e-05 0.005 -0.0028169505226952386 0.011773584736020488 0.005 
-5.00031394402311e-06 -4.999935191876848e-06 0.005 0.0029882918831429647 -0.0019494566791196917 0.005 0.001052711427384374 -0.0006455123907540988 0.005 -5.00013309162368e-06 -5.000249726540449e-06 0.005 -3.7621908935833965e-05 -2.3224997425511528e-05 0.005 
0.03138367855449764 0.02274732809326048 0.005 0.047923709389684876 0.005204344935331682 0.005 -0.09934151451427051 0.012058578578268109 0.008440024171940884 0.011552858970427033 -0.03544252625557485 0.005 0.0077943865865691565 -0.012689649883487678 0.005 
-0.0018354424713131808 0.00017742400242157992 0.005 0.001756462298361783 -0.027220670499505942 0.005 -0.05674266711032929 -0.0005767966969991966 0.04 0.00031457813365330477 -5.3242634208569236e-05 0.005 -0.0005158388314795108 0.003971001589340573 0.005 
-0.013374186596433454 0.0014538456840331108 0.005433630226314597 -0.05657176440061825 0.020264886097105906 0.032742910546640434 0.004913250836515049 0.00723637567872843 0.005 -0.0027285347980668118 -0.005698766521829003 0.005 -4.955480691951697e-06 -4.958373577639451e-06 0.005 
-0.007229768028389245 -0.027285205390165164 0.005 -0.048779791394972814 -0.07000433260817261 0.005000002597930864 -0.06132942294494522 0.010267539931894465 0.03999999451126293 -0.0024203449418315746 -0.008424647510659362 0.005 0.0004455081049274054 -2.5586594501993172e-05 0.005 
-5.085922752360936e-06 -5.1193954966856616e-06 0.005 0.00577458609047928 -0.005423650623802902 0.005 -0.05981319341391995 0.016780103656493236 0.037154794993608915 -5.000115326745999e-06 -5.000235534367233e-06 0.005 -5.38479232435723e-06 -4.842926434849636e-06 0.005000000000000019 
-0.034089225393094946 -0.005445920695298322 0.0059243626811628725 -0.08198500156787822 -0.031254299420618116 0.012245555967012165 0.008968643376615666 -0.0071116966208478564 0.005 -0.0006191642856629573 -0.0001769200914108529 0.005 0.0012055959275073867 -0.0045483761829898444 0.005 
0.006415041673347074 -0.00029514760078239426 0.005 0.01646947929840766 -0.0498042192921494 0.005 -0.061015831412247847 0.0018217385322698671 0.039999996851959006 0.0001676755232526584 0.00016956082376505543 0.005 -0.002218320229720197 0.020999996263953838 0.005 
-5.0003121841836574e-06 -4.9999314983948485e-06 0.005 0.001046588417466753 0.0014403343909231787 0.005 -0.0005715490590348096 -0.0014926689658438079 0.005036962383004637 -5.000133458510232e-06 -5.000250109026475e-06 0.005 0.0029124884328389656 -0.014035499626115534 0.005 
-0.016886752962136424 0.022893362405851776 0.005 -0.006661374734165942 -0.0649855062637941 0.005 -0.009017343233016553 0.04335052574462946 0.005 -0.005468071667875635 -0.019714785848206608 0.005 0.0005761066369835817 -1.5433789761793617e-05 0.005 
-0.01125921682884251 0.0134601624947555 0.005 -0.009046846301375856 0.0019218692110867948 0.005059934536553126 -0.06022686614416482 0.0009831835221701822 0.03999999666866865 -0.000461676595352242 -0.0006817403862398972 0.005 -0.0002164013570602947 0.0009137025299452183 0.005 
-0.040137961953443095 -0.01605806879379968 0.005 -0.020276891460985453 0.08967976268259481 0.005 -0.08579881343248778 0.040152221889532526 0.011100155569735067 0.015704871276755593 -0.04205207975213287 0.005 -0.009369931256626551 -0.0027338368880563007 0.005 
0.013672145291391451 -0.008347862754438518 0.005 0.01195608757917292 -0.049791205934379364 0.005 -0.05935864349402577 0.0006009452505087185 0.03771752045027351 -0.0026214144024806793 -0.0016934524541705371 0.005 -0.0009404853250426973 -0.0008820718888698989 0.005 
1.3804510870392454e-06 -1.2971600363183719e-05 0.005 -0.0017804328597479757 0.0006895196484999455 0.0050049989982884745 -0.06274561484078242 0.007140544130912334 0.03826723252473516 -4.071648795825742e-06 -6.1749348092492525e-06 0.005 0.008449532116180587 0.0025063279457967886 0.005 
0.0026176516832207802 -0.0033856339723510403 0.005 -0.017840243190281223 0.009787668466239473 0.010877325236989826 -0.060983921633811854 0.011014091369194472 0.03647774192192985 0.0005619466486329025 -0.0006558529570026453 0.005 -0.0010444639933819154 0.005737244896063751 0.005 
0.0004758565275192929 -0.00017063111982766182 0.005 -0.021152988021566087 0.03684233409308401 0.018282066477000057 -0.0317569338382347 -0.03555169581723864 0.024914812620980848 -6.5448087171312975e-06 -3.035097426105012e-06 0.005 0.0006614025730763289 -0.006652194447143137 0.005 
0.023657606903478786 -0.012431513690104402 0.005 0.02531119547447371 -0.059502476265644116 0.005 -0.06159199188472712 0.005768824304356537 0.03693759825936401 -0.010479851048033203 -0.015736141250390055 0.005 0.004223417605886659 -0.0009530677547506416 0.005 
-7.607503966291358e-06 -7.310224664796651e-06 0.005 -0.0032255883910066933 -0.013405819581572413 0.005 0.0020742941591931643 0.0010901938855462745 0.005 -4.49694900769998e-06 -4.7136444032600166e-06 0.005 -1.4750982287265594e-05 2.222190257573279e-05 0.005 
-0.06168660471738779 -0.004380653632175673 0.0062028747259060555 -0.08949185662290962 -0.009094498310153007 0.023855460782018136 0.009687720641245333 -0.029121990940769726 0.005 0.000895595001915035 0.008773230048648908 0.005000000013527173 0.0014043605757593624 0.0015170792954810426 0.005 
-0.01367242894439797 0.005491892645468119 0.005 -0.02526618945806072 0.06941711583556318 0.00603545169834408 -0.056879803493493745 0.02905118311540511 0.02684947381880799 -0.0016293222502481786 -0.003020552340054338 0.005 -3.396392041265845e-05 -3.1202294111456994e-05 0.005 
-0.014525138962450262 -0.014279230219168892 0.005425191110272486 -0.061225030962741726 -0.01931225639115149 0.013712069345515752 -0.05866618187370547 -0.003436189212967156 0.03756002017704297 -0.0032931998570178977 -0.00041650336061980575 0.005 -2.2063350782953993e-05 -0.0009107319751813874 0.005 
0.0013916762696107095 0.013289845998790928 0.005095532879963079 -0.10311081288303346 0.01786481442914556 0.005 0.0023806612868285167 0.007341446659843439 0.005 -0.002250113231408278 -0.0008359182545841754 0.005 0.00018378045858296154 0.0002817187656687873 0.005 
0.002234061176265053 0.000548427960381624 0.005 -0.0461227581649969 0.02172765246526484 0.028872350192271634 0.0007243584226746111 0.010423965177459726 0.005 0.00038415732894552977 0.0008303287342088103 0.005 0.0006159677866496584 -0.00015042851915284152 0.005 
0.009724768079221091 -0.01995922261554037 0.005000000957139206 -0.07312843521754421 0.020062385474134612 0.019020472755036166 0.012921426534862595 -0.010314041568756366 0.005 0.00574308303845319 0.000914487787884247 0.005 3.687499560368598e-05 0.00014758187848174306 0.005 
0.0024903748687443283 -0.011118970887189312 0.005 0.030421382549486974 0.010494646365190137 0.005 -0.061276122350621784 0.0025398836052648683 0.03908979394171231 -0.0004894661132642646 -0.004647194821840789 0.005 -0.0034587394940383794 0.02977352104902758 0.005 
-0.030157691251011778 0.028240043121907588 0.005 -0.05551697733780552 0.08576013016473137 0.005 -0.07154451476685122 0.020754504548424577 0.024817684400647258 0.016433579237965085 -0.017867080283460002 0.005 0.0013988668303292202 0.02546196246421354 0.005296508589398408 
-0.0010987178636474898 0.007426750028185786 0.005 -0.03961703111750382 0.0045627447890111625 0.01811927609731815 -0.058288034344839076 0.020276997413146612 0.036392149426995334 0.0016779758517551006 -0.00015233706991103784 0.005 -0.0010853916205043716 -0.0006756645597388894 0.005001149305586438 
-0.001853295497917866 0.005862948514071182 0.005 0.02688192373014018 0.024157139661417856 0.005 -0.058674469716831434 -0.0017648961200653 0.03999999746097329 0.00019224585119874423 5.000381721560493e-05 0.005 -5.9243073983800465e-05 0.0007807596037789411 0.005 
-0.02996605163541053 -0.03452727419249161 0.020304335717677223 -0.07936132105971384 -0.008443435460807761 0.03692873514530409 -0.06139824121278193 0.008627636288042601 0.04 -5.0000133038040385e-06 -5.000326718090694e-06 0.02904071210602802 -0.0018403580719241527 0.033864235545651454 0.005 
