29.862203649348405
35.53460131998614
44.37656356162681
56.67287406006247
13.230183546639598
42.396310665945784
35.16894830401044
50.87167303409157
57.61402205854381
94.34593203890832
22.740640183645098
53.43973678843196
49.727773534271705
57.18149332341444
23.55637632876669
28.091864132510622
33.358536177673464
36.70082864584526
21.76958372343107
40.312607516806175
27.530647546964342
41.44139012849513
49.13300301517913
20.362076657456228
29.778545123079617
20.58140927586906
12.108284152494104
31.459939079268203
13.416376031938977
29.191152988336025
37.81691055115812
18.178008219710932
47.44873774637467
11.629962614981839
65.07112209560059
36.938757940700725
42.227194659539464
7.822038395728541
49.73369802227318
20.70844240665501
14.297063947079309
18.480837559789478
12.817790600346395
29.468632886384736
24.589915280593377
25.124229969604187
28.642398107236147
18.929241273259304
52.97399154244137
44.58163463832207
22.7188627019384
11.856826201503864
12.133179386493374
29.03356055559928
55.50556274063565
13.384275440725215
51.39015445314263
29.011926347565968
29.658746769613288
42.00927620778218
35.04181000249278
13.784432084090593
56.444824994922016
27.703473176073366
32.43710776134227
49.49928332687056
63.26083027719439
27.918368780632008
71.48612274548138
20.551710436222212
89.33075561442601
27.06395893046119
23.54710491119177
31.289073917410228
14.451341565781837
9.158246032691807
11.658985528570646
11.732553090580664
31.014593259870615
41.04019600821647
22.997194167994007
17.64801614827708
19.504694435755518
27.23776036332135
108.79810878665282
26.42236417189461
28.25265096416616
77.64064690261547
45.586022507118905
33.90333800241324
22.668546902760546
34.77912114617909
22.64292109185876
26.426173710497352
36.710872745623384
74.49328360100738
46.32463343844363
21.848079544854635
14.106747753265868
28.736199490724204
