1.9576988315844717
0.7710378758415416
0.835027805768785
1.487128193548974
0.5239810273202448
0.6570969206232327
1.037569981817273
0.6692196194218831
0.6341857029908249
0.7600706835769354
0.7995983498233722
1.1546463077494211
1.1868810966101784
0.5743243925953583
1.261796937694039
0.7481533015570907
0.6941142550131756
0.504678823655642
0.6618168475767884
6.813552097048783
1.1279511457956457
0.7402819956600527
1.040481956577079
0.8571060258846329
1.1018918984741832
0.5965729593267299
1.5102184663355174
0.7150422923405096
1.1187889591869058
1.3205578308124584
0.6988643350362597
1.3216940822052003
1.2507632856491258
0.7696546346018017
0.7753271606586682
1.2304185181969405
2.0629148586299104
0.5828061657730464
0.8446738216944408
1.0436822346198347
1.2007877645761142
1.1153559308269747
0.6052777053285323
0.8723444572583293
1.5868275684456288
0.6616859288862396
0.7495304378219333
2.5850169082176078
0.865595506231961
2.1644206716530743
0.8427585250836386
0.8422676160586187
0.735645120906288
0.6342052281576278
0.6589353040682453
0.920209352446359
1.1875529303734536
1.121190163079285
0.6643327822125766
1.0510796305533985
1.1702485371177778
0.7683768527263923
1.7682616581601416
0.7525393641692498
0.6367849728920532
0.9811094688625694
0.5493997536028523
1.1111579152672926
0.8172913962679306
1.3599923002754253
0.9663924684729553
0.805504153888772
1.2600526268261512
1.0844286823941287
1.4191112636548167
1.4866918988878268
0.7475218281015168
0.6915459760435071
1.3730713287528964
0.6942958707875271
0.9313102099821335
0.8227931461547062
0.7974471787077887
0.6200646269111612
3.155759636712657
0.7593631900304427
0.987975547057718
0.640293074161437
0.6746363007206266
1.9839192191206967
0.8847519841064354
1.1715331019113737
