4.490760723604839
1.5580422003671586
1.4652898683182745
3.3090863336504164
0.942408185571277
1.153503824064568
2.2180389358274435
1.379994715700968
1.0963973944580399
1.413134243898847
1.6605875625015063
2.507698028110273
2.455077376091809
1.1042027176413796
2.5611998592914227
1.5410795688523624
1.4010119079343135
0.9314947167426612
1.165828490315189
3.045700097826951
2.497982548276725
1.440674579965946
2.0716478267448926
1.8039134990694532
2.356348193811806
1.2056334997310247
1.5267108932812612
1.4586578339497696
2.217836944895518
1.073592567082509
1.2579927615448887
1.2226997886527289
2.548742110981274
1.5609337262440577
1.5964807848847924
2.75467104421364
4.836940154498539
1.1263863498359192
1.7758760533248457
1.137812006582105
0.9549273868106509
2.1818559805025304
1.2205049889129687
0.7074160645399526
3.2413580414515484
1.3165374703413513
1.5336997495099125
5.975795666525727
1.7531576626490541
4.243322616228027
1.7797061635317826
1.7768259289840347
1.3365212787814225
1.0964815767844505
1.2879031382970598
0.7993358476189988
2.3312157505463205
2.1275206552065002
1.1723162223415122
2.007326408701493
2.5881522495938674
1.5820378663854457
3.6622420263500115
1.5340610098583154
1.2828997940206106
2.0945208053203994
1.0466446657208235
2.2943259992524117
1.7089853665308978
2.6738221882677107
0.9156604809306922
1.603544191978492
2.550930050515878
2.313252373866411
3.0720695033191783
3.0107631801916135
1.536009132510719
1.2399270749448061
2.5856743280712715
1.2476866276339906
0.8073765071680403
1.711559966125546
1.661401549592168
1.2199641419094385
7.311329448689051
1.566199119992782
2.090891705048857
1.2669635061730842
1.3101851637179152
4.627153357718163
1.742841256618902
2.609427253908879
