3.6723446958105104
33.09772575139526
48.09859241458912
8.31033701606707
20.362843799248658
55.06194707925537
54.960261695313655
25.532098275774537
29.26986770760167
53.80565846237954
77.37073647018238
40.1819595774258
70.55402287143986
82.15069346434834
93.19780421502959
127.40917835556793
102.54237872317559
25.27204194671123
104.85772997949995
52.20628453739899
131.10324856408508
16.365124385107457
48.39279489279131
86.50512572464052
120.89736429820874
68.17090688192641
4.989827196495436
7.29223883496744
6.3095363978702785
26.047842266458662
76.67842908921575
26.388088342345846
36.81867158991754
35.717726871219945
17.215423600617605
7.41243133762555
35.89366581693402
36.64684860678332
131.10286518088867
71.43940215396135
28.68748859937204
99.21191834103719
82.69188667064186
43.00741728748831
44.596434832580364
16.980529879532895
7.226410620631937
280.2622941704338
60.833427841604994
25.169361605458334
37.29578244741776
49.49680249141605
31.62309078569203
57.96288508158621
59.656462849030405
15.657333432765355
238.39601041947444
30.799914728849835
18.4895330597328
73.4787023310277
124.58073193948152
44.58877932511779
30.394553213511383
61.75273421834819
77.27953360882634
17.163719157463788
35.54631041990306
19.122612082094033
50.52731383985014
15.45476199059379
60.430996545504314
54.259386414300316
49.2178905273738
82.2573996034048
3.3878832379506743
114.75074534429494
57.31025900514827
84.28518550662503
90.41370398059941
11.369266736219263
48.12737345858793
29.64290651015015
75.99217693271524
45.97633234338895
49.55688354541119
101.81068247961919
65.0509659483478
26.41197818504012
42.22683620918078
39.2537993189177
67.13167815562919
13.520750515948023
31.7512938233881
37.476748928960944
37.897241635221754
144.0200790892993
97.1991507679181
58.18204108520854
82.99515391929184
39.97500509800269
