0.9589225362458406
0.7369457024521898
0.8750426810712134
0.982425177888487
0.8300104904042171
0.8194354902844
0.7889792442408025
0.9512126935818631
0.6069039904078284
0.8473061942392683
0.9064343596838448
1.0000253512561312
0.9420699686664953
1.7551982828951045
0.8588270558390779
1.217204248060549
1.05968931485663
0.9693928196993897
0.8384190810068184
0.9693520485058694
0.9215857355846946
0.9285977141029363
1.2138081155429237
1.1288689196696458
0.8467680333581854
1.2745652738646736
0.9844771901011677
1.2971293826848045
1.6658758501526805
1.4094116474558793
0.9004584615439902
0.9554443770791785
0.9338175603861576
0.9050381402253704
0.8955962199980012
0.8309099601676289
0.7965163523977958
1.102316553480814
0.8031511016980442
0.942135597510219
1.0427843872839595
1.018904401492343
0.943036619363781
0.8539162025673748
1.1016936837534237
1.4887395562897343
1.2698464137726722
0.8382718937191845
0.9838956571232838
1.017456736434284
0.7828841333955082
0.801106317789048
0.8709418420543731
1.2666942276013298
0.8535692228738903
0.9209458246303885
0.9513984281896449
0.9776397549050649
0.9844078032455168
0.8175788145024072
0.8231675585891801
1.0000096290849902
1.0381685691757672
0.9239311703714822
1.1126252638760572
1.0471269850708493
1.0970087623758729
0.8801515292228771
1.0308888275819303
1.306660393203045
0.9290428168654568
1.0000148243792213
1.261132944548525
0.8957370502910956
0.815653650471956
1.0853101564779457
1.1811792587223482
0.956028165533506
1.001702362456022
1.00838837423427
1.1219214258824466
0.9880743480486538
1.5532358381787903
0.9506154689565539
1.0996490448995975
1.0926373582039874
0.6664463433447378
1.1218842222091874
1.0001181208841614
1.1781790782470403
1.194920402889037
0.7411807967158219
0.8079429821112493
0.82042943980118
0.8516655318319687
1.003106335592191
1.3805251478717155
1.1511482095552281
0.9231308588340393
1.1079598088888287
