0.009167512647282145 -0.07752595157772606 0.005766438886438538 0.08013319984195054 -0.0599575069376092 0.030677849558848058 -0.06776079562086719 0.019800087135096425 0.03996480029360223 0.024674803421142973 -0.043980337006071804 0.005 0.022283850854704065 0.0038059030135338084 0.005 
-0.03922809547696108 -0.007910076379603248 0.023972834779060804 -0.0005196417287368304 -0.017406111226695362 0.005003440234426768 -0.05927555957712395 0.01763835567217013 0.04 -4.997292546911796e-06 -4.99936400235272e-06 0.005 -5.1243072720502955e-06 -7.182315927986452e-06 0.005 
-0.0043464168936121796 0.03662079532345033 0.005 -0.11302652042773045 0.01806202109494752 0.006665558421057419 -0.06543966020710539 0.026579373064710754 0.04 0.010541545377876 0.0033965343627195823 0.005 -0.014445600552547103 0.10473476978689338 0.005 
-0.03155252997147966 -0.026602930256315944 0.037072388017733805 0.059896768577391145 0.033460483441845636 0.034296808729706585 -0.07016118120524541 0.02933438491450293 0.035430743097113956 0.014040746286754818 0.008427555732432089 0.005 0.007992087196159662 0.0915725254308887 0.005 
-0.039559056580784 -0.01944023854673957 0.01868211910284063 -0.1181013707997525 -0.0458470213970343 0.005015690247038989 -0.05891603060180708 0.017064705425328217 0.04 3.263202671354869e-05 -4.376765302990473e-05 0.005 -2.750613789643887e-07 1.5434114880491033e-05 0.005 
0.0015565670431362966 0.003248379739543595 0.005 -0.0017422492920428382 -0.009050923363961285 0.011793764219659594 -0.05916909207497019 0.013874114842655562 0.04 -5.890548332174484e-06 1.0380136248606939e-05 0.005 -6.165213638966516e-08 -0.00011157849805243533 0.005 
-0.05598557294186942 -0.01064402225947969 0.007419517729197768 0.12096920430786975 -0.012713176619473292 0.005 -0.059851820158762815 0.017898576471429447 0.04 -0.0009289327389487766 0.0007019577148169151 0.005 0.004340781631073365 0.0005242008555995931 0.005 
-0.02398088346289036 -0.0408364847453152 0.02193499288960021 -0.1203615358452193 -0.048247432858729775 0.006116145123094162 -0.06448768709201343 0.01875922400633176 0.039046155710402305 -0.0021668491835664418 -0.09259316922900335 0.005604057475480508 -0.0005121165759913737 0.0003206801481020256 0.005 
0.0006976472535013893 -0.004667617807004489 0.00523021061767463 -0.058966652233513134 -0.07857946028014637 0.005 -0.05971907717486649 0.014054598967590598 0.04 -0.00036650100265080745 -0.000859663491152419 0.005 -7.840181715416157e-05 2.332334781186081e-05 0.005 
0.003237115156917173 -0.005942661488652099 0.005173498809143724 -0.06415221012000583 0.10434737471555931 0.005 -0.059537425309720095 0.013994576324667093 0.04 -5.000376970500961e-06 -5.000240825680651e-06 0.005 -5.0002770998964085e-06 -4.999856323392549e-06 0.005 
-0.018080129639910354 -0.0383180393136806 0.03013472035314264 -0.06686437790586976 -0.11726927952477714 0.005 -0.0631222864104728 0.017414639196525184 0.04 -0.004908071328157134 -0.048117434076500654 0.005 -4.988963960930218e-06 -5.00565087328935e-06 0.005 
0.006553207482983473 -0.053710910500198605 0.020567247087349434 0.0594404529283919 0.0018493749330073164 0.008757927475132555 -0.06807819520152636 0.022265157984099365 0.04 -0.035429403241145574 -0.06495135371592113 0.005 -0.0028381971024219327 0.042631508715726796 0.005 
-0.06099743416913995 0.022682474829650228 0.005033597030991174 0.10595780475496207 -0.06181126429124886 0.005 -0.062998008285328 0.027477602299598405 0.04 0.015740878536146696 -0.0354822115982251 0.005 -0.035977804559666204 0.047023425491438425 0.005 
-0.023841891965225855 -0.028457719870453514 0.035497360750581575 -0.06638255404062204 -0.025347442024612588 0.020289849616332855 -0.061310731997804506 0.017075656098103142 0.04 -0.0018468956377663598 -0.002225029968163772 0.005 -2.2672812781295832e-05 6.236348179216385e-06 0.005 
-0.0440952275750723 -0.05471359237478327 0.005 0.05324516641776044 -0.008116727559679985 0.013437820483769231 -0.0727383040415204 0.0474970156999414 0.031812357339971266 -0.033155608231201776 0.02552991660582862 0.005 -0.05020862373123541 0.08321059976973863 0.005 
-0.011695499339789214 -0.04279687844327485 0.024253738405480955 -0.0403965645601941 0.04885575298696959 0.011003179538435087 -0.06312831260296704 0.016678905082101424 0.04 0.0046011912177311935 0.00013695482781099085 0.005 0.0005118729543785719 -1.9277564510548094e-05 0.005 
-0.005262104870995228 -0.04504326033580923 0.02467439508013744 -0.12629148796452466 -0.09210486656823212 0.005 -0.06387673135518092 0.016483416020507676 0.04 -0.00014435790880298422 0.00019953851333041986 0.005 -5.042638152253747e-06 -4.858194127245713e-06 0.005 
-0.017967974603597336 -0.037514581270320646 0.027236993661819236 -0.13037732632670468 -0.03085266031625603 0.005000000000429893 -0.06228120142189264 0.01682398036706886 0.04 0.0013689889386749926 0.0007943637276540172 0.005 -1.0839141067343646e-05 -2.0263632215511702e-05 0.005 
-0.00022735242926778291 0.0011085013475639438 0.005 0.014572573223658966 -0.0007634767283332944 0.005 -0.059553235140571065 0.014019946096519308 0.04 3.146765752855036e-05 0.00010599883530098558 0.005 -2.9501698907478115e-06 0.0023715145758133683 0.005 
-1.4063077801183748e-05 -5.551437054841336e-06 0.005 -0.020650249168607436 0.06003758705080954 0.020343367288324015 0.0003985684420194481 0.0008112100990938539 0.0050000036919210025 2.58366600399345e-06 1.7981692411415926e-05 0.005 0.007425057710671071 -0.13717369950107744 0.005 
-0.019027695354516764 -0.03762233930286714 0.02575825489202272 -0.11973275295077093 0.12231930925857963 0.005 -0.06226835963866948 0.0168967889170978 0.04 0.0031799901993544892 -0.0009154548823641952 0.005 -8.336129419238497e-06 -1.194626627593817e-05 0.005 
-0.06026805220126265 0.00306296938605447 0.006126006318876532 -0.08649689880955043 0.09096291781344301 0.005309945333915559 -0.062333612132736034 0.02030571766996426 0.034458549284419084 -0.003140192941919113 0.0009048990818863376 0.005 0.005181922721782789 0.002781353124516769 0.005 
-0.055118280292800303 0.022421840324925814 0.008488693659928683 -0.01781877282287836 -0.0705001382767532 0.02872126455540124 -0.06542046600431786 0.03075183345986824 0.038511295812365294 -0.01960034880655131 -0.006019676885259966 0.005 -0.011777992256172362 0.10131174923577192 0.005 
-0.031939417600714656 -0.02492350742394286 0.02498995442501217 0.003527774529561477 -0.1245710983475472 0.005 -0.06067236912901441 0.01734917063279451 0.04 0.00043213255809782496 0.00014601277309150804 0.005 6.448703747717709e-07 -6.085351896551587e-06 0.005 
0.008939793437113685 -0.001554452271392379 0.005 0.08415574038496226 -0.041084310377662935 0.005 -0.060800041305344076 0.02104926345109062 0.04 -0.032088601843687475 -0.11087352863318775 0.005 -5.011333646959615e-06 -5.022116960477818e-06 0.005 
-0.02696831530365882 -0.030491922138208245 0.029324912541767105 -0.127137784533724 -0.011924307816629466 0.007821232433629898 -0.06273781011297791 0.018821525628998026 0.04 -0.006957120034351391 -0.1000021973197722 0.005 -5.000097627699869e-06 -4.999720744470075e-06 0.005 
-5.52413700280256e-06 -5.351119542403998e-06 0.005 -0.0007063038675496983 -0.01435233859692501 0.005 0.0002542493394445427 -0.0001674047288502014 0.005 -5.0001996157154565e-06 -5.000659183324452e-06 0.005 0.011191921157459575 0.141974769800039 0.005 
-0.018857563767374255 -0.03916643742799686 0.02357747407962993 -0.0884582806668825 0.08755326595397384 0.005 -0.06228872311554649 0.016876817391283026 0.04 -0.0019522012334345362 0.0031186095360654057 0.005 0.0003909395611588839 0.0005817867271890786 0.005 
0.01131190124573246 0.028402858804034977 0.005 -0.015348796071235562 -0.0856084073268231 0.019830784801916062 -0.06430274798081952 0.020206997748710737 0.04 -0.0007265284424178359 -0.10056475141189662 0.005 0.0006536807409545485 0.05255593810860548 0.005 
-4.951710896511999e-06 -5.052571792537745e-06 0.005 0.007673976373201374 0.012306971249942348 0.005 0.0003270985313686361 0.0001696302688967537 0.005 -5.0001799408994275e-06 -5.000524439495092e-06 0.005 -0.04712456893747471 -0.020034865327103343 0.005 
-0.000533590814032727 0.014348408096072924 0.005 -0.1300769334953527 -0.028723344748169614 0.005 -0.05963443642818588 0.014042390640408695 0.039948788503268905 0.00029144947605249137 -0.0003364467951654722 0.005 0.0002545025174594268 -0.00013756462761310486 0.005 
-7.569486724361016e-05 0.00010314318413489444 0.005 0.0023438504510323544 0.014363723847091689 0.010963585949504138 0.000450429276198204 0.0002621655114199782 0.005 -5.000177746330701e-06 -5.000519157606281e-06 0.005 0.0052897877741104 0.08774427546311285 0.005 
-0.0003540231488181944 0.04439448757233168 0.005 -0.03548734068326769 -0.09665754216627753 0.020468448275650548 -0.06469394522596357 0.029640398579239915 0.04 0.013286667909051099 0.008237177542903354 0.005 -0.0396764806933113 0.073027451721521 0.005 
-0.03235748295569289 -0.04766685069047908 0.008097892113221889 -0.07972331790711773 -0.040805287722833386 0.022309836257857544 -0.06769458423755417 0.02643274359800077 0.034005399046057455 -0.02702679419212523 -0.09418631531514253 0.005 -0.025409130442940672 0.006701380868058116 0.005 
-0.03257048494160467 -0.023298964989898287 0.02567025705813928 0.028164776055857262 0.029966717349908606 0.005 -0.06054269733431127 0.017387726412295856 0.04 7.737063434952561e-05 0.00019831335410746848 0.005 -4.99649882684706e-06 -4.9931844368239816e-06 0.005 
-0.023154458440826836 -0.031204655508190012 0.03130590040958257 -0.13779735813417626 0.11663359091784663 0.005 -0.061532952123385255 0.017029374236782198 0.04 -0.0023270148254855147 -0.001987302680174806 0.005 3.6503529499960865e-05 2.014061516132279e-06 0.005 
-0.014387612927494856 -0.04056877230925611 0.029622206362213386 0.12987362036650607 -0.135165995699243 0.005 -0.06333046223255968 0.017324098462212913 0.03954127464649931 -0.013288211409060577 -0.044819149745092095 0.005 0.00030389732773020985 0.0009071488838133412 0.00500009528479922 
-0.023293265561640263 -0.0286528182872389 0.03622769583230407 -0.07337463452086232 0.018800902466883162 0.019317447991830813 -0.06139711254281862 0.017061731792188686 0.03996846685709866 -1.174894117844065e-05 -2.251467182427376e-05 0.005 -7.537468574524296e-06 -8.85695533793932e-06 0.005 
-0.030166022307688767 -0.027219173623407016 0.025219346253978616 -0.10033786141159359 0.1083156249911527 0.005 -0.060952915787228425 0.01730227372342554 0.04 0.0004962240832807162 0.0005083456121151336 0.005 -0.0005100840893617968 -0.0001489393360151554 0.005 
-0.02105678608098538 0.020897718065653575 0.04 -0.072323834486603 -0.0562383763985394 0.009361839440383941 0.00012058921971610908 -0.0004653200506719652 0.005 -5.000144861040301e-06 -5.000572700348687e-06 0.005 -8.99412582557322e-06 -6.983664119775484e-05 0.005 
-0.00011626483473470373 -0.001459777520698367 0.005 -0.05675429062968572 0.02226079085913321 0.026054238148227115 -0.0042917473401331094 0.007992846815365905 0.007067332883883228 -5.000196017161377e-06 -5.000551100847675e-06 0.005 0.00445168748935423 0.08173036648094736 0.005 
-0.029222315798492333 0.05132974704061225 0.005 -0.13049144301257962 -0.056018680094317624 0.007976755214478513 -0.06498302462358377 0.03256711561286986 0.03711210241028759 0.015031233851549086 0.01680882087632551 0.005 -0.05310416201779005 -0.0010946808401460244 0.005 
-0.026841181476670067 -0.04159446963909656 0.015789122860871786 -0.13722081944460296 -0.012710590464052391 0.005945352011833821 -0.06318522580037306 0.018937433477845884 0.04 -0.011421784266035564 -0.09868872645979795 0.005 -0.001759466165121489 -0.0022256304277730727 0.005 
-0.021493620985084512 0.021448767628425864 0.04 -0.08235940737433659 0.022340686299690674 0.017687721029224324 0.00026643273982533987 -8.055087600144377e-05 0.005 -5.0001477411193834e-06 -5.000573806675509e-06 0.005 -4.999978981626548e-06 -4.9997561401683475e-06 0.005 
0.022878961101934263 0.006226311907872826 0.017214308500135528 0.026774166187342744 0.06895717185783404 0.036581771824859305 -0.07411245536851771 0.05078076845724414 0.026114719574892763 -0.01412883675608923 -0.005432357977420595 0.010001320887117577 -0.03342427176421696 0.12613436675037049 0.005 
-0.009779154436219229 -0.0429757863838012 0.026884701128312167 -0.11318765791780065 0.057655297004282 0.005 -0.06355652166201879 0.016841348977988838 0.04 -0.001515260894972692 -0.023412612594098298 0.005 -9.582863008183154e-05 5.4838617557470364e-05 0.005 
-0.032775015683401514 -0.028909917590885188 0.019855799834615065 0.019026190616921086 -0.0068746440940687815 0.005 -0.06089498961180615 0.01732932195552573 0.04 -0.0013556414861271675 0.0006534051057789629 0.005 -0.0012185730505806123 0.0006043565820369262 0.005 
-0.03663420151784391 -0.024831699420539623 0.02454599766056473 0.08028673887775893 0.1039030641869013 0.01682284886588823 -0.07016930448464015 0.041631353235644354 0.03352994176855862 -0.03132727084357343 0.02125179818946065 0.005 -0.02874589027368046 0.10931943000509416 0.005 
0.009768856740403616 0.019598549000439034 0.005 -0.08508870992763273 -0.07790075519244916 0.006328915517862185 -0.06272552948171822 0.02215778136511131 0.04 -0.02015020118339656 -0.11844899665817876 0.005 0.004653304895368113 0.019829531265341364 0.005 
0.01897831674977359 0.017775752408703303 0.020889505085270002 -0.030803491280135605 0.07853545203753902 0.029719442302173365 -0.07902022504000038 0.05017897411714518 0.04 0.08293151637122659 -0.10744498785308416 0.005 -0.06825466987337357 -0.004864455435700312 0.005 
-0.022598426646230612 -0.034368411739387816 0.026535570686630917 -0.02457919474296783 0.11175969304912273 0.005 -0.061776925131712686 0.01699258985373816 0.04 -5.000051666064059e-06 -5.000492799229177e-06 0.022944153299160143 -5.048928088291045e-06 -5.1193333026526585e-06 0.005 
-0.022535876302806842 -0.033499969709424184 0.02834253459702098 -0.038031927987292574 0.11331820164992754 0.005 -0.061760136103736964 0.01705442112301093 0.04 -0.0016781881031327655 -0.00902829175596542 0.005 -4.993695553582363e-06 -4.97177901215581e-06 0.005 
0.019328321478727803 0.00727245722991967 0.005 -0.05586618580480432 0.09112640118260222 0.006121877591179936 -0.05976406718595238 0.01531782556745805 0.04 -0.004646341154105456 0.0023805042871904735 0.005 -0.013814192948349003 -0.00998370146734516 0.005 
0.001154680833516138 0.004070892627106191 0.005 -0.04396380528457348 -0.04810494281662845 0.007324536520454395 -0.05950979320235156 0.013987194049985104 0.04 -5.050273070635759e-06 -4.878438659104541e-06 0.005 -1.514614743004106e-05 0.0009501535122071183 0.005 
-0.03229995800993146 -0.03188752403055502 0.022020062370640928 -0.1226611557805353 -0.0813606486953323 0.005 -0.06132565696896705 0.017656760028004283 0.03990873385623375 0.003599485445849469 -0.052071814899352184 0.005 -5.000126926303715e-06 -4.999652290841683e-06 0.036986167444962144 
-0.0008408657385721246 0.000935665057489209 0.005013435996627368 -0.0529645488372223 0.019602242608184783 0.031240551415202534 0.00029141501682357465 -0.0009386298837373918 0.005 -4.9973379681353144e-06 -4.992793240838209e-06 0.005 -6.0190083526482095e-05 -4.996331726411719e-06 0.005 
0.045428031994695264 -0.05873800382932088 0.005 0.03252340987982756 0.03461199061078249 0.013180330342486727 -0.07760572229845497 0.0440227721630616 0.02883283354809802 0.013095852767605637 0.0020057302748899396 0.005 -0.062117663563581386 0.009995975602595665 0.005 
0.019506312120965714 0.05320726393645411 0.005 -0.0937025566972575 -0.08018419734568825 0.010110119283472638 -0.06918902417349389 0.042514090332537446 0.033335456616144114 0.00010874055806039017 0.0007307504070489881 0.015386172983418298 -0.046122526775679046 0.10023342303074062 0.005 
0.00020553376827261673 -5.971591563895284e-05 0.005 0.026681898092903274 0.01081591786640431 0.005 -0.05959850716873133 0.01400834493644079 0.04 6.184255617866907e-05 0.00019056840124721298 0.005 -5.015009855731895e-06 -5.0061125180367664e-06 0.005 
0.024363254938027306 -0.005887022245842462 0.005 0.07343742411789701 0.04354143946437352 0.005 -0.06538364589179418 0.030755622590801633 0.03998622558320631 0.00040340722703179516 0.005497191720289209 0.005 -0.019614503527494952 0.12439734766327834 0.005 
-0.032379242735151005 -0.035342917329291894 0.01540868404636629 0.12211666194822779 0.047167773851400384 0.005 -0.06144296959751274 0.017516887123109105 0.03996807320537078 0.010326472929227448 -0.0053353727458329255 0.005 -0.004968936526789472 0.0013138668304872073 0.005 
-0.03012662471679404 -0.026447867114119828 0.026318930692838038 -0.005304777668519476 -0.02915943521127159 0.0051386856514872995 -0.06096194292718842 0.01753120729000554 0.04 0.0015956936629966344 -8.438684636832603e-05 0.005 -0.006725069845248614 0.003718305706227913 0.005 
-0.027731097361973985 0.053223029133662725 0.005 -0.04784860625010267 -0.09940522745096295 0.018991306952096214 -0.08054884521253274 0.05266990989924372 0.026469306940226704 -0.02949761074243122 -0.12908639515179712 0.005 0.06548229324202254 0.043413599840526264 0.005 
-0.03622614343689829 -0.022900061600157118 0.020284787795980933 -0.0018060201802063266 0.024816230063543873 0.023365714894561237 -0.06045134711177979 0.01748041827530315 0.04 0.00046926653194959747 7.146861083368542e-05 0.005 4.62446364665256e-05 8.4131842097161e-06 0.005 
-0.02494476789625785 -0.03615573321206289 0.024839518010757563 -0.13343416438137592 0.028081737861438704 0.005800208758132802 -0.06229637032412072 0.018294224370776702 0.04 -0.017174372212622677 -0.08428885448765087 0.005 0.00028530702697420574 0.004620045375867786 0.005 
0.006767806895757715 -0.05924188268445112 0.011818942354018402 0.06205669946745766 -0.10774581099992642 0.005 -0.06509421145183064 0.016870282467798443 0.04 -0.013648968392151493 0.003957346509080328 0.005 0.002648132488821369 -0.003957877186463977 0.005 
-0.01681194119186094 -0.032798728902207135 0.04 -0.06605929805281595 0.00035196355242370097 0.031155946505184277 -0.06213097027116593 0.01681072064086493 0.04 -0.004266115157853963 -0.0021375511056239576 0.005 0.002528339909940975 0.0024860171361536713 0.005 
0.0026877341812451033 0.008214626178560096 0.005 0.1121299062623445 0.0848575515936351 0.005 -0.05938296827401294 0.013952847311553078 0.03981916819101819 -0.0022458063252697937 -0.0035517558478520813 0.005 2.4021248668178635e-05 -2.7825440476377756e-05 0.005 
-0.027736821339091416 -0.023649125425032266 0.035695607226479804 0.036124138612692924 -0.05935985421385352 0.005 -0.06069865521638098 0.01723908033142629 0.04 -0.001293615571797673 -2.3746041177994285e-05 0.005 -3.7020669269412643e-06 -4.331762567943548e-06 0.005 
0.028476310606410447 0.04201780404734282 0.005 -0.11127743808179993 0.0738090179259594 0.010127778659301949 -0.0650679826434563 0.0366526269651021 0.04 -0.03911857231365641 0.009361026143179756 0.005 -0.03498418894360034 0.11571700234081826 0.005 
-0.010632075077167425 -0.002289957696643742 0.0050088536976732765 -0.03354566875850671 0.0765851151208985 0.008134777376887128 0.001881828285223352 0.002005128666727922 0.005 7.96200867859973e-05 -4.7962837076686516e-05 0.005 0.00016239418000414733 -0.0002704915123587028 0.005 
-0.04744498249130426 -0.014716615619684464 0.013611880236990835 -0.06409752216118147 -0.11360877705888543 0.005 -0.06398710986128693 0.026969966493201068 0.04 -0.007043495141564566 0.006208264904135723 0.005 -0.023534004159605458 0.06198887930645922 0.005 
-0.033332847406333715 0.023462801840383372 0.029028373783259565 -0.09203755777085539 -0.020488077699598217 0.03803006195086663 -0.06412319408485218 0.034469392475026346 0.04 0.008695660546756415 -0.005866789313580914 0.005 -0.04150262765226079 -0.03395916057423975 0.005 
-0.060749468777452714 -0.0015854031055499737 0.00595498050895057 0.11988231710759409 0.03709494423833973 0.005 -0.06008191240690508 0.01888495320665523 0.04 -0.0017335429926678156 0.0025298071195582112 0.005 0.010904384688278644 0.013698478465920016 0.005 
0.013442096178877651 -0.019686882078915932 0.005990365104659382 0.08292045665592955 0.14212304269857448 0.005 -0.05968263743368129 0.013958843247813435 0.04 -0.0001346873044108881 0.00020214697142199956 0.005 0.0005237186322192532 0.000699319897644942 0.005 
-0.0086307685648327 -0.0826191066104954 0.0060380801304199495 -0.06176528340838509 0.05141307939042814 0.02626135639057302 -0.07475851989633077 0.04521934679649306 0.04 0.0737315633019213 -0.03790830372511412 0.005 -0.041224396649261336 0.11859665844555149 0.005 
-0.027013688025567754 -0.030621756833687352 0.025741552399883114 -0.020328291656707468 -0.054601802118307674 0.005807468717923371 -0.06128912588108343 0.017165079094946318 0.04 4.06926809839421e-05 -2.3567273876287083e-05 0.005 0.0007958464256195296 0.0011636326624771898 0.005 
-0.0010235518001993772 -0.007274091457422575 0.005923370016692771 0.046326930336049885 -0.06506224271382181 0.005 -0.059043827459458034 0.013822704363420738 0.04 -4.908979596167861e-06 -4.791303632458664e-06 0.005 -6.962086459842769e-06 -5.9209643856997005e-06 0.005 
-0.05471872582442301 -0.058178439517541154 0.005 -0.05350614278927944 -0.013019724820182101 0.025354322976602697 -0.07440144107227804 0.048137171107480885 0.033408542449405165 -0.051622585624506986 0.00902425608777592 0.005 0.0314383964541907 -0.049557682400604645 0.005 
-0.0014764634971266954 0.0004661645762042662 0.03266647619049899 0.054276844282883395 0.03952332849315643 0.005 -0.059557578966968484 0.013999349957857931 0.04 -4.999306720628353e-06 -4.998010873604505e-06 0.005 6.698160422001716e-05 0.00010772107936557757 0.005 
0.0025102665984893216 0.0014989788767931223 0.005 -0.0911841071434063 0.030906053244142705 0.009503198831334023 0.0004888947811976283 0.0026822018218252016 0.005047025757129545 -0.022162573605337434 -0.06661747130963978 0.005 -4.999989867997221e-06 -4.999763795657936e-06 0.005 
-0.030400882418974245 -0.02921999952641854 0.023672078217705842 0.05748227187278109 0.01765402927268232 0.005 -0.060948782609049276 0.017444743275731187 0.04 -0.003118442781819483 -0.020887134319672776 0.005 -5.003442115529884e-06 -5.005662114791685e-06 0.005 
-0.02614894041068388 -0.035608851427503474 0.020723617636588098 0.011000665322793613 0.0839756743721653 0.005 -0.061436561300252976 0.017040346107617003 0.04 -0.0020253825724413986 -0.0019335738011265027 0.005 -6.212817557043873e-05 -0.00036486986316909385 0.005 
-0.012096389780747716 -0.04197926684240823 0.025169550488441425 -0.0799564941672333 0.014352705577635978 0.010758993433973598 -0.06300778792978212 0.01663329854700092 0.03991994332675307 -5.03702906091083e-06 -5.015803132214683e-06 0.005 5.393557322104999e-05 0.0004160984805558781 0.005 
0.061242834959239344 -0.02789761917317017 0.005 -0.1021820131555936 0.09948946988490015 0.023688143075581054 -0.06847377777407103 0.031106150642410398 0.04 0.008048440816217094 0.011653934684883665 0.005 -0.042249886108547685 0.08078449128117378 0.005 
-0.026725764577284247 -0.030571566627341427 0.026261110307676874 -0.012328482103137889 -0.023963127865426426 0.020475592897575664 -0.061297562254567006 0.0171512477802076 0.04 4.440501845413166e-06 -2.098967347083076e-05 0.005 -5.109727144367935e-06 -5.0433561423794515e-06 0.005 
-0.016745497936483545 -0.05578130081070876 0.011226172068345605 0.05740416459953874 0.016549094133062065 0.025772292106503954 -0.06338656718297775 0.01869134039205235 0.0383004631746263 -0.021400497714162803 -0.015204108377068119 0.005 -0.01530783762985505 0.00544687474562828 0.005 
-0.026507989859204058 -0.02878563427564303 0.02941163310727144 -0.07293896251492422 -0.08652877762423765 0.005332498533865486 -0.06113662272021579 0.017136375744582627 0.04 -5.585801345317251e-06 -3.168215513154331e-06 0.005 -5.056617589976358e-06 -4.686670560071481e-06 0.005 
-0.03063906600911061 -0.020133764257914074 0.03820435469656229 -0.0910258462403769 -0.014277267342322129 0.026032446963830256 -0.0632121863905574 0.02244784977012316 0.04 0.0002315000616599952 0.0007795532157399032 0.005 -0.0008624322037974705 0.04865933007771426 0.005 
-0.06315231766121288 0.026051452550381105 0.005 0.07921577324703155 0.1271638059269933 0.008203693239966562 -0.06318937364301629 0.023165457661724093 0.04 0.005248588525308742 -0.11772892884157808 0.005 0.0013422947250964607 -0.01130264495875594 0.005 
0.055266066758170425 -0.06407470963783514 0.005 0.04293627926550315 0.015509979966007467 0.010356795094003784 -0.06775403682621818 0.017173079159012283 0.04 0.010466173320307163 0.012525783596684072 0.005 0.002827050271068527 -0.0044496746395076125 0.005233317193069972 
-0.018865334877724134 -0.034963630013145425 0.030890352462618228 0.09940325492465303 0.08079293460846433 0.005 -0.06208555281333554 0.016851972766047493 0.04 -0.0012000484404484028 0.0004976420684847182 0.005 0.00016244969400338615 0.0005390137030056178 0.005 
