-0.1529763442284665 -0.10521435341157256 0.017102533261485704 0.13622668131062013 -0.044515688386311536 0.008291466380721804 0.010905729601074148 -0.00771896969190267 0.032898967673636925 0.07855206898505966 0.07284915585014211 0.02170319732566351 0.09030675198610391 0.07987519812712127 0.034711417844887404 
0.11093549124253001 0.1456250421505184 0.037698927317769144 -0.028712761811351815 0.15920384107676494 0.012636458745421807 0.03327686296416934 -0.007435333897043355 0.013370763588205126 -0.027984472829288586 -0.11271204782457243 0.011670670349535655 -0.004727680860479531 -0.03992594329895574 0.0309103133031635 
-0.045946037166066614 -0.043488061325528335 0.012494607833315014 0.012473820545914964 -0.09320757628668065 0.023242678751175423 0.09299279422249951 -0.0572168966230408 0.03682209736273892 0.05671711271696293 -0.13280031962936367 0.03074986515830134 0.0372685080353166 -0.13327967670963128 0.032908598830721586 
-0.124612162915296 -0.08897509801724167 0.011071463652446751 0.15008395838116573 -0.0342781222000222 0.009260653167930837 0.15332347116208186 0.14016707121018945 0.021249825245989472 0.05410787798893436 0.1346782748182685 0.031321391537946906 -0.07506760653127921 -0.04429540425880401 0.01779167694899782 
-0.06325266392309793 -0.061296326032468235 0.029002247687734004 -0.1550538607325836 -0.043477826171666914 0.017777677769448184 0.03075736637942728 -0.07565079018142398 0.01755499905762148 0.07013086919097383 -0.13780739730768243 0.03589182463101264 -0.039203235870638585 0.14120977967473075 0.019696019868828164 
-0.02963953293727748 -0.14949634152334676 0.017640829045337383 0.03683463003454533 0.058276670958634605 0.013578630582674575 0.1342917625839618 -0.1253419150907026 0.02425848470913941 0.04408269459091432 0.07745028951904706 0.007722778183471385 -0.040916939693504954 0.09074856500373238 0.03475421925792933 
0.030428393384773343 -0.05059652962351948 0.02560008874259629 -0.02029445408833905 0.030878806272254925 0.010190815361114686 0.06979273537487088 0.06292361504036609 0.009094171327958625 0.0232655959849409 0.09357634643148814 0.02164593101027684 -0.11292304579045144 -0.08280996109175956 0.037858035288644336 
-0.15451331577752278 0.10484279551569936 0.027879970813963404 0.041767561784625706 0.08950405695569483 0.026254942928840463 0.13457689877786974 -0.0962795532619369 0.013873226727431964 0.0149046953837878 0.030537466669261278 0.03027594637271427 -0.10542424309486834 0.10787543122392021 0.03502913189730738 
0.12290750028666662 -0.06847061284281868 0.024416895829462035 0.033847074699189225 -0.041053287317829965 0.02297735865443555 0.046504383954242286 -0.08577995659910699 0.029101197172770384 -0.15432113597809805 0.08965633665351329 0.038618844303819434 0.09329424142664569 -0.0014715793724152364 0.009214316516771825 
0.10457248169093886 0.12977712123362084 0.02288500331086891 0.1453041357165868 0.04467584766627424 0.006340306777353758 -0.007419011971230368 -0.051916078853701496 0.011112844671046609 -0.10176069314925955 0.10939153133331762 0.03412693666038235 -0.15587616616637046 -0.15536410212683077 0.02503553482402351 
-0.03992325734593563 0.11129579695358625 0.005294506769122121 -0.028081131730984785 0.031000479936036204 0.02480314966062767 0.11082089590535425 -0.08841418152868148 0.021126760834889253 0.08684430379984605 0.11970483710753958 0.005326687952365831 0.15930109129587164 0.1496517653671208 0.012056105142058227 
0.15849556916277863 0.1520971206909834 0.029033779983149485 0.007594376713246474 0.030788982255182326 0.02353441618358959 -0.0343470018088336 0.045399241013666006 0.009853590593575993 -0.06243075023025629 0.08514280145977464 0.013624580559762801 -0.05136805632892086 0.1207033194511875 0.007083124523573688 
0.12820056880113195 -0.10469692892836065 0.038784484995858216 -0.02914705622766508 -0.08631392252339791 0.015975144816195296 0.0843501562949032 -0.032553708487196416 0.025264739226726854 -0.05983115849017375 0.14321885532752934 0.029016163764914532 -0.1050051032528705 0.13696718112001915 0.011633060887277695 
0.13239757781308126 0.15856338816816315 0.007146128351853529 0.011272297851854421 -0.07667277113335974 0.031162163348582277 0.06527241073630041 -0.07283349548946767 0.013600057979954899 0.14159128442879165 0.08654561181068157 0.03196917778082279 -0.0038016836622711105 -0.11047585797780723 0.039477678864692625 
-0.06576509588911339 -0.07372802281009386 0.023111206206349138 -0.027619613265622674 0.14447998983647511 0.03962317516569302 -0.11216425684122773 0.028801070898064076 0.03417129591788427 -0.15960859667677343 -0.04448576244710949 0.018318100214443793 -0.030743108178860515 0.14465887360481097 0.019935907978317752 
-0.02267168535042727 0.07481777126005518 0.018306622582833974 0.037933700386453516 -0.00864712233736269 0.008777742844110068 -0.13863280133509465 0.03900609405917911 0.03268497822035169 -0.1318741565427648 -0.007523808266405373 0.036890945373160025 0.10842961853912732 -0.07075439531578775 0.020366000367658628 
0.11038229956783309 0.07983417963210165 0.01988813763685346 -0.14154384546360346 -0.0008790555831880714 0.03933964617908121 -0.08312300987618794 0.02515972401345551 0.0231172119984454 0.13097550274158828 0.08367200173823736 0.008005887051530155 0.13839523276182614 0.15488359418618472 0.03028185774321761 
-0.0906113720619807 -0.03370290230176065 0.011007777113070317 0.1316694015983083 -0.07258576837212559 0.03687002804204404 0.052864586484014486 0.1355458425477558 0.037224036560159726 0.09729649769570095 -0.07370881835410034 0.02117193431145451 0.07270737028072373 -0.0845527178331029 0.033551269874768024 
-0.11663697632984958 0.0242941413415374 0.036415616488370287 -0.15168745035108844 0.1448176637404967 0.008794052525564637 -0.0774780888741453 -0.012588890704460504 0.007151259844252287 -0.1178213102761534 -0.06203434657167331 0.029408606887010507 -0.03411399231847485 -0.08603881415606911 0.016403168084834517 
0.1575729300948539 -0.09619699402691227 0.036420591380952355 -0.11536104062586407 0.09455532405194252 0.035330269580290535 -0.030882193283627707 0.0066772250890648486 0.01269681944812645 0.01046265422651573 -0.1504005066726769 0.021665691585456184 -0.0322800560349173 0.14409225831745737 0.02792442241103671 
0.019321100000883478 -0.012927232567402011 0.006897469940711456 0.12419566510360272 -0.13513991739683892 0.006478671788481477 -0.08562089834359796 -0.03638352159308166 0.0068676643737342405 -0.06610848229286392 -0.015567816795435754 0.009970365739925092 0.1492161034120129 -0.005047370195101926 0.03704787904039422 
0.024930098346572904 -0.11889399002030761 0.025406765610512826 0.11203219482014959 0.1368142504904055 0.020530740920777942 0.0970891299036634 -0.11124903065509134 0.014724094227412743 0.07140891426775635 0.04453213598371653 0.014414214482855537 -0.1595054990574436 -0.04226693627433256 0.020518411330899555 
-0.004246364572525881 -0.04055947921324268 0.0057766378810480325 0.040944504014578983 0.04088640477936968 0.030747217994808573 -0.07828134736391477 0.08780596468830028 0.019221958861682976 -0.06208803161167982 0.088723858475769 0.03153214673980667 0.14788980013992714 -0.0739377029426999 0.03726785439017406 
0.01913420234089526 0.0013441734709274422 0.03022234135737178 -0.08835902917401851 0.015671520372109324 0.030075176526906736 -0.114234039902588 0.08444187327591286 0.013823575550513893 -0.10731633721487446 -0.12970166002559083 0.034870364344267386 -0.010692357047507168 0.06532289620404202 0.007372603416979304 
0.09556765931342404 -0.12958677964293383 0.03990961047525781 0.046757632903397954 0.023222330804585092 0.007590776935629628 -0.15443209565277718 -0.0064349953571330425 0.0174651657777331 -0.01723638206817503 0.029575806621813607 0.035990397892059864 0.11321103671741418 -0.017503400719232832 0.014545874702502357 
0.07945842980286176 -0.045813861114340236 0.03186909357170053 0.05924511967408457 -0.005938353959871587 0.030053525427848383 -0.007485527519810204 -0.1436907233837741 0.01509455362340672 -0.12100737667384517 -0.039779750616691804 0.035853763186501374 0.009107760066092813 0.1247513840415056 0.03922709956624254 
0.1270262207038425 0.0211672046051079 0.00590233182141715 0.09234628357532113 0.15056169617344478 0.010479973939441532 -0.11148785198905677 -0.014087803933866844 0.019922413966550603 0.07804719616533852 0.04951432006339914 0.029943175986233864 -0.07518698500604003 0.09535066036074707 0.027862717034867476 
0.07696699702704725 0.14297076672109854 0.02107971179599151 0.15517975055796032 0.06853188281808942 0.025081427059900234 -0.07801647657773092 -0.14107707000907033 0.027753351716004564 -0.05990357257918917 0.04217621995534416 0.027259176155398166 0.07711982604264314 0.10614927268567789 0.020278124315196395 
0.10938245100845062 0.00976048606582912 0.03384790001692821 -0.13468446282715874 -0.1334977633154473 0.01237674896287479 -0.15304072281746953 -0.0462376402253175 0.011619131073004298 -0.10071977550097957 -0.04505683807220839 0.02696361048311965 -0.10354447393208885 0.009508910518933445 0.01708951830143754 
0.07295876943488859 -0.10475478615568742 0.008443540552660899 -0.03393660336282539 -0.0918246323989705 0.018994844441415384 0.07583945159903882 0.08500292537944616 0.016661347593458102 -0.026915924152330524 0.09391528764850825 0.02489090984337284 -0.04599061928874644 -0.1392133284064222 0.01979166404192401 
0.11061705496429083 0.06082172777206068 0.033092572108464904 0.11010892075441102 -0.05985091454744885 0.03867043747940414 0.02174369462680554 -0.058956142322485285 0.029364609356553634 0.1037130089728019 -0.04210617955404694 0.026214472976807103 0.13646761005552155 0.10334044366048326 0.03686568767403019 
0.09834120014512043 -0.07593112942689129 0.02940992824185575 -0.08638807023712454 0.13941885937943305 0.037314704772361415 0.0805823910960294 -0.05715179568980011 0.023170512308837005 -0.04000716415710545 0.06847103853311501 0.032287886550360884 -0.05240581736134599 -0.009170009657669651 0.02465873123652244 
0.09507437767930622 0.1590345632874484 0.00639261402893847 0.04326683490908521 -0.00573807212740182 0.00843346959700368 0.12847038711643788 -0.0038532978959863835 0.01641490813979112 0.08332008001931135 0.1289976499663612 0.03537061199594276 0.09925601947845189 0.10980486258951504 0.021404788048602432 
-0.10938682776542807 -0.07256723103932623 0.01175472484524082 -0.1344535516855218 0.05163562236781436 0.018907594104237507 0.08768144595371065 0.04794245369599512 0.028804792539841934 -0.10639399451340803 -0.06139532397231924 0.017346718732346313 -0.14983102922589428 0.003063358627180791 0.007244947691703943 
0.0707211797411535 0.1291656702894595 0.017899307805926027 -0.06461986610834937 0.024450052546518962 0.033897970572681624 0.145584277880779 -0.1249498769112973 0.014832760468305936 -0.03074282346502476 0.06308528427309781 0.02510908121411047 0.15689781022848936 -0.10118856032741613 0.024989122088316343 
-0.010624044396879572 0.023697252625015763 0.007415293666699119 0.06706082649620124 0.09013138437850758 0.025199895738835847 0.14823759574501955 -0.10519601925141048 0.03060802256171386 0.01745123027668346 -0.058925786458415653 0.03259708967189253 0.02110802279979667 0.014484878077121562 0.03757882064769425 
0.08991222362610575 0.12163038306720697 0.019565894353259495 -0.134832061396636 0.14328589554022003 0.03821272365444027 -0.09232405203498688 0.009650215155540477 0.019654818645085368 -0.15615706865827234 -0.14690348076150261 0.022110093010797822 -0.027347851302864698 -0.10131733497888 0.03788210462629941 
-0.08861168822722822 0.10997905148790979 0.00807502738840069 -0.1267561447591267 0.06527766286387955 0.00538283814401152 0.023534379599829527 0.1477318978982899 0.0082813657854328 0.04562583915955515 0.003074796142633338 0.03901936316854072 -0.09326661796986614 0.017795444148270986 0.020631955772695068 
0.11526616119500159 -0.08971171950625212 0.019379722259482746 0.04358895472676305 -0.11775705745468375 0.01798143067457362 0.1540635542037161 -0.1563528280861509 0.015374458331200802 -0.048947117647730846 0.06051898574086211 0.02683779798022949 0.127018156848212 -0.05293528457757422 0.01377621649442037 
0.06033454514453573 -0.1343755628891358 0.03564922738917616 -0.049764387904577094 -0.1461520953169087 0.009605261580765558 -0.040843719887374196 0.049986372175242176 0.03679480811437712 0.06564201126774939 -0.12153152924805599 0.008424396938800038 0.05383889289636137 0.03130981045426086 0.006986563895518316 
0.07362643064899481 -0.1498505539440368 0.0058439237980795495 -0.03882333427365337 -0.0054187985354557325 0.03234842615184588 -0.15480444370719962 0.00558857125784117 0.01593973647193496 0.021677561372219253 0.10958865774894971 0.022804321423357598 0.06212070594509071 -0.017228169692146317 0.024551039826250756 
0.0031731527428041865 -0.13999033761313714 0.007766026575627308 0.08405017184590337 -0.0431820546452654 0.03688097143693543 -0.12458297410991495 0.04054561892682692 0.039481496572586525 0.025212050415111303 0.099545421968397 0.027026720523835337 0.09454733061742991 0.027337784927968158 0.03885180382273652 
-0.10081707489967173 -0.03953284652584934 0.012675942878558468 -0.09927407347992809 -0.07670036258750135 0.015859299707741296 -0.017602944742529367 0.06910806916560158 0.03092928065464133 0.012271929447598808 0.09647300860135649 0.018279763327731652 0.07606700055357465 -0.09332638185071687 0.014044182882939226 
-0.042783773031621924 0.06374493910042082 0.032481877218152454 0.07112309112849653 -0.01471217276843562 0.017104616996857214 0.1269230982460239 -0.13608102245551928 0.005317489625454162 0.11829244589591727 -0.13845566221911199 0.01565229968738117 0.12431625124667202 0.104388528113801 0.03671157525111428 
0.07755292704943688 -0.09945806465870097 0.039863689620268795 0.09636488701550787 -0.05639239944357065 0.038287184494413366 -0.09358854237251422 -0.10964078047724317 0.030999479760117177 -0.00245556489761225 0.08851754940924894 0.01585236326608816 -0.05323089548769931 0.15817676768743574 0.02840430570902288 
0.008382395819113207 0.09378767312183675 0.012799212360678965 -0.10669842223987033 0.09561692593765084 0.02096337478192708 -0.14540959615735413 -0.0947731952753577 0.014083039230936355 -0.122147516485408 -0.12099821119887028 0.023886826985320346 -0.09136192019154733 0.03177018955242123 0.0262663540457874 
-0.06333946931404727 -0.06283820462749916 0.02342748509124795 0.025519668221079227 -0.01865231181855577 0.03508698847327935 0.016645584308358285 -0.08573288458059447 0.02036942133821264 0.0036506569751901816 -0.1273696001546214 0.009043035858904851 -0.10226847039712561 -0.07012936974609715 0.03905288006469061 
0.10946274188484764 -0.010489584418353917 0.007725696745731402 0.02964664228366235 -0.13972718036195253 0.0272614290204844 -0.040085434207222784 -0.09418735111679064 0.02266012509195236 -0.03738537499177749 0.07673938876235557 0.038166983289827774 0.0992542434716239 -0.010290712516438899 0.030442157166735758 
-0.10642692936127549 -0.10154979877694184 0.03451620402295939 0.15083862252143423 0.1367768636663276 0.026743256197523126 -0.1447399966490799 0.08879977937086361 0.03409400748576687 0.01939574961970447 -0.13751768244959459 0.01567365474132496 -0.013664625035726671 -0.14154130788820718 0.023236558671200835 
-0.15435104460858523 0.000839899811823548 0.022477878360840822 0.04041259756305168 -0.05037502825957936 0.011717418866439037 0.017136883966470368 -0.036099661969152874 0.017060017237905626 -0.06202843356111147 0.14689704459261888 0.030359479931827353 -0.0633926884094264 0.061986416560815945 0.028134832525731738 
0.030424524527702525 0.0997853795390098 0.012285320241797466 0.0886780346083788 -0.14573988140396593 0.009416258467092384 -0.028430757908835765 0.11473099686894246 0.03654171487736225 0.07115474708555566 0.0854131617292107 0.030069747676121153 0.0433285392512125 0.13888299290800563 0.029212763181961 
-0.08300386935071746 -0.0025361204674602925 0.010835641305051005 0.09309900802207709 -0.1505045757999812 0.005497900869190685 -0.012001395231188806 0.13089877241905112 0.02158475594709877 0.042481715948223316 -0.15980429799749335 0.005786231473371882 -0.04485431523367213 -0.12217714738539444 0.00868881821280069 
0.02730809258979674 0.0727292256619699 0.016588908772069588 -0.004152042367005495 0.0880938002184171 0.03387356719204677 -0.14768501759175715 0.10748632723212803 0.01077134029753773 -0.07283277694252384 0.07511404876768171 0.018233456273989555 0.014873501466425357 0.004699153342622597 0.036307999032790444 
0.13771081281927916 -0.08548112989499611 0.026752084330834015 0.057481574936785795 -0.010428863874457253 0.013311998597210576 0.0660436360178592 0.054009744683250406 0.020257944857154226 0.03176280568942503 0.1027214596151095 0.029622047108291742 0.025145119064789397 0.09874441158918106 0.03060721423923748 
-0.1277619611229304 -0.14827938399042367 0.028968602492871767 0.12143938509127057 -0.03765850183401297 0.024619334115137777 -0.0274810079766782 -0.15738792558400602 0.014771350192002443 0.01983401263856068 -0.0919340221121278 0.029595532977832822 0.0004283692002342096 0.02423258997812322 0.013815117996212541 
-0.0650916811846305 -0.15043449912412032 0.006569670306959739 -0.10926903731885722 0.11123041765617558 0.02469302661199407 0.11169526507184878 -0.008805940420118088 0.014373309756530013 -0.09895384770139677 -0.10897862683236012 0.02006766988161428 0.06945788694102849 0.028464914493107653 0.037983904771780014 
0.010973178763231327 -0.06498245080549421 0.01798223135526613 -0.05214246922995813 -0.031179520674628366 0.012672888226407181 0.1402376397858986 -0.0571175541012478 0.020393813120943648 -0.019267822560880152 0.114428284358607 0.020315925747290325 0.13779875932008892 -0.07460681172979189 0.03380885079845488 
0.00011502723865388674 -0.06949526934721227 0.01736503212344617 0.15589130430716738 0.10004649042987215 0.02214318028122411 -0.0858214962781863 0.07180874526169471 0.02076522275165871 -0.002138995934606406 0.13576998630254886 0.030560229939543652 -0.023812675810375532 0.0019559085760667665 0.037525455940575644 
0.01407236911575901 -0.10709851755102817 0.019760705700062543 0.15098465959393811 -0.11722604498104676 0.02113360841619143 -0.09852688660570513 0.009081156058533029 0.007797155899762201 0.07381401804822546 -0.057123938242134305 0.011047160083421168 -0.0035603154110091548 -0.10877810256798486 0.03726415339232962 
0.03988109076036554 0.11525064663421371 0.015327845155971877 0.040337462343459515 0.10849167114252117 0.01965181175300215 0.14979743463574244 0.07533484467639906 0.019161701040203472 -0.038003887458052485 -0.1425678166616006 0.014617758114403717 0.15071942229347315 -0.04499213738534183 0.0275417192642057 
0.15523867659179266 0.07141500902064697 0.02625397137637344 0.056407059123170546 0.10897128761412944 0.03788100567331527 0.1460403714514894 -0.08251913481728147 0.009616908492085947 0.10809408733979452 -0.08498181983722355 0.013283885589406587 0.15310577525606664 -0.036436965291642275 0.008526559789000599 
0.01257084216516251 -0.11403387150851273 0.025427310286980524 0.0233294860502217 -0.03471249982623299 0.022652033870613167 0.015451445979258025 -0.0983371225629891 0.008216411271686012 -0.15888741480651578 -0.06177254566644189 0.009255516433376723 -0.05903615324013298 0.05950060120412822 0.021491065235416877 
-0.11023105405915996 0.13718153881810666 0.026366237185922594 -0.11230288284987379 0.14027374598347225 0.03571056419287722 0.003188396466588961 -0.1253187813907539 0.03009873216672486 0.1227781194554149 0.1321737421534255 0.030708357535729633 -0.04097179400131552 -0.06772046454586848 0.013483286464873937 
0.053469683588261215 -0.02349701534939737 0.038338853667695516 -0.11948822722060932 0.05853252859619304 0.03381043873849889 0.009458415083142322 0.0695689909747106 0.012312250572550105 0.06956171683616498 -0.15698979944698715 0.029322161835918348 0.14710685868766005 -0.06965069731049439 0.016840358531856947 
-0.0057098343587635774 -0.11787922724760333 0.006737800353284001 -0.13089595349271824 -0.0211450129587383 0.006432279496809897 -0.012860008967758541 -0.14468601556674535 0.013082140044602151 -0.02154288762363229 -0.08167382718486496 0.028353382847650804 0.1480148805961567 -0.053978725429922346 0.029509174760474665 
-0.14950430995609623 0.14219238812275273 0.017238279476934123 -0.07840830213142497 -0.014623618208537135 0.013099906562766984 0.13417648658692963 0.093829440254449 0.014699408022742878 -0.15208638386494058 -0.027226013457461614 0.011401420230632803 -0.08977239571900146 -0.11298018618441734 0.0210029162098419 
-0.10185867952017542 0.08323168822791058 0.037798669645657174 -0.14503157667880767 0.15493668414459538 0.009464676056342323 0.07118926860841764 0.1483359928535635 0.03727237120521035 -0.009269301617150713 -0.02822029148047575 0.03006148045567055 0.062181575638949424 -0.14337829562942173 0.03812933596687468 
0.1393798722065861 0.07370465288497409 0.01854607588295754 -0.14985680009212451 0.15193766034011452 0.009595298510003814 -0.08581948875279011 0.0980866943042411 0.025783708559162056 -0.1294918550470214 0.01978761700229354 0.025124405886236812 0.07222083996706544 -0.12072943283735135 0.013509622069630634 
-0.15547122215895134 -0.14329238681580514 0.02263974287409811 0.14436956726698563 -0.016140269857809624 0.00811243066868545 0.15997755888057144 -0.07742755339953392 0.02346304123795546 0.10542083490552397 -0.1007312729483257 0.030918016454448867 -0.03740356542620044 0.09724762051548366 0.006546546707016624 
-0.1022305455061561 -0.05451783516779963 0.026352881196604314 0.02128257762833712 -0.030652511831460918 0.03764393108393326 0.10497284296769681 0.11088596201949445 0.02916286116571013 -0.002134492457625474 -0.07535047629623381 0.03822945630119619 0.021187291784539465 0.1364424618809966 0.018976056037048165 
-0.08693441254689761 0.05123331639911874 0.02079677167237888 0.04490297239353347 0.13656594981451883 0.023469378698927047 0.15916091405474436 0.07421179656318373 0.028090028256647984 0.1597189780234972 -0.03383311083836565 0.005753262686243228 0.15425176992647446 -0.11757735239312384 0.030950936587309283 
0.01106641053504294 -0.0425128467749378 0.039208742109878805 0.12039727567046382 0.056507011316690954 0.014112891002108538 0.05106471342526926 -0.11975545830026037 0.028293807911560515 -0.13988113784352835 -0.10202380149468988 0.02131264012087459 -0.11657105724589337 0.04726829583864558 0.014423376180099432 
0.08699108143859953 0.11637761741476572 0.01572356278141512 -0.11253217402005875 -0.1465703767662021 0.025113349398213882 0.08537131300312617 0.04391732106776133 0.038449194161215144 0.012620760922175041 0.06011221954028518 0.00575357119541198 -0.0915798143136033 -0.12293834039027898 0.007620046909747807 
0.06762749685508906 -0.11675882489099942 0.021126571723117372 -0.1483845472988153 0.01822485410305913 0.02911063686682331 0.10351217405296756 0.10085718697381883 0.038004648699896476 -0.1477405956743027 -0.11845365734573646 0.012402020083939128 -0.12749189603618247 0.028200518793008365 0.029850264253529123 
-0.09392319964317819 -0.05937355076213962 0.02329735666333108 0.027145589744794432 -0.0931649581049124 0.038771224523066604 0.05870663575762981 -0.06724637586680561 0.008668366053042583 0.0638855547767403 0.07355170612892545 0.011675971710282888 0.0476074478583445 0.14281733508586908 0.03560488119349649 
-0.0319609583405276 -0.004356354741112629 0.02761993398291038 -0.0032426685628379973 0.15747119169829035 0.008176244794792105 -0.014212897419891516 0.09837341766930847 0.033695125701501204 -0.08886171097409461 -0.0180899814999538 0.011003962721156401 -0.09080958963884612 -0.06080979867523831 0.01914697715880483 
-0.06936927540880594 0.08074907780658581 0.02691567994705106 0.07195222126610648 -0.028176737901713347 0.017222291243239565 0.06898168720594715 0.04446669234746129 0.026556372108591755 -0.02701768704190996 -0.11842540116433029 0.005795899661557409 -0.0991827512322027 0.0012278951486149605 0.023601240795601483 
-0.014918562798123485 0.05470476115626168 0.02224522345348871 0.05259124242984051 0.09767953696467438 0.006580886749247416 -0.10572996246791468 0.05282081589665441 0.036850332847790816 -0.05864320104714753 0.028827346805980265 0.035597969583360645 -0.03939091778691482 -0.10316286996211434 0.02290552102107059 
0.14881686874048777 -0.09261161202893167 0.02753938929890445 -0.12033055730809458 0.017161468736877687 0.02789300669331984 -0.0797347193343315 -0.1190259198792391 0.026168638334149848 0.13541911331590745 -0.03320271073928314 0.022308407147959827 -0.06681096004217366 -0.029282595028715 0.0146624168309418 
-0.14299787585817764 0.015363564252201568 0.02865194327017567 -0.10539818027632117 0.06572263666578693 0.005985273057404473 0.11978528662786594 -0.06024315762874786 0.02577343506551055 -0.12111313728810078 -0.09000005066415853 0.014270076730043518 0.12362946477188978 -0.08565734980314871 0.02302362750391756 
0.11162682482127755 -0.057301159960294154 0.02233076983090027 -0.1040370617288777 -0.11970135979777398 0.0361538720518731 -0.04785908785406498 -0.10314750273531088 0.019180734699584045 0.11918544986651793 -0.018549986400144613 0.035636104501713284 0.10940769707249633 0.15034822874350887 0.011750245418809153 
-0.09680580693022249 0.08124340624963346 0.035680802615960926 -0.15066084819308953 0.06946537152767746 0.0084868818072092 0.15290087021641324 0.042533616582253776 0.013459603668443265 -0.09070810484354902 0.007015202008806799 0.00864099447180286 -0.08831444248678826 0.005816640472008568 0.016837467588274133 
0.07115503662130755 -0.029614774610548327 0.02212759269102211 -0.06880017513722181 -0.13193796743556713 0.033790982360208166 -0.15104555849220203 -0.11285037460725852 0.017881910244879742 0.028197310722789606 -0.021960825031141867 0.026976857437645753 -0.026254086808446788 0.059154012257845404 0.03067647409879904 
-0.054777136991042766 0.011295418681258372 0.03840803477232188 -0.1481795378225156 -0.01960916326362514 0.02855309607639779 -0.11735793223480985 -0.05536884751952096 0.020459705590028913 0.08180224967648952 -0.049325912772344785 0.01950696007013277 0.1488459731949421 0.1552410453388026 0.031243962492126343 
-0.12004795347219897 0.1067354898549774 0.01442063148217411 -0.12380069991757972 -0.0812813239550154 0.03961314108793818 0.03171163313156981 0.043078105906905535 0.018424435042539686 0.1534597206436585 0.1153626545862979 0.028730974977003398 0.12335767074318094 -0.14629961421892557 0.03196929707979832 
-0.1127124132325154 0.09892602107281445 0.015714927769756904 -0.05539244590213349 -0.0690763434545516 0.02051098505212984 -0.07831476953063757 -0.0631671861758946 0.015719939459591704 0.008400781481579822 0.11649749053847691 0.022268699754444305 -0.13981294892730686 -0.06531073777792688 0.01569591776437204 
-0.04923158028644666 -0.04399619629602076 0.03015380032440038 -0.0033408222395476367 -0.037606333097662044 0.03851228110831346 0.14747458850073283 0.03768162559393462 0.027628278286042685 -0.08041045518220023 0.08693612403233177 0.026928668974480895 -0.06620471828540771 -0.06375332298251504 0.024351995261022184 
0.13101808277863045 0.13858082966184454 0.036754954869570006 0.03544598319834616 -0.1261812811051158 0.028736620951736725 0.08797208852852095 0.0024925829305984222 0.028393734847202187 -0.15624091274640273 -0.04344971404267787 0.029236574729220234 -0.13091524034270074 -0.11513450454808574 0.024636531437372804 
-0.11976880524333076 -0.1057225616534723 0.011607925638572804 0.1043127820261302 0.1428930195968605 0.024274899808327914 -0.001588404834897563 0.06131491626255029 0.02587586535410769 -0.012837658627197147 -0.0022396827423724103 0.03425721430202634 -0.02743867445208295 -0.1578869534354264 0.025490010591128365 
-0.15468861096145078 0.12178209709562901 0.010013106501733336 0.15069906349144718 0.04001659830640671 0.021993097469199856 -0.05135973860164658 0.013804612771778484 0.00869715437395409 -0.10352255641571063 0.08939366657796471 0.024412548120966236 -0.0004252572998801199 0.05456710863431272 0.007870805132777966 
0.15681615320497005 -0.07213157500984103 0.006380896113835341 0.05299797154777426 0.018944090910467073 0.012062741224911008 0.14973793855124817 0.09175097073925445 0.010332848137810798 0.10859968104451809 -0.08978399407128312 0.025910989246529285 -0.01168586770827636 -0.08879153088168712 0.005529127017091287 
-0.0919420746620681 0.006812779368197905 0.02770770673814799 0.10037277368463625 -0.09193620203952929 0.03652665796952133 -0.10374258691679572 0.150150942591105 0.031424264930070195 -0.14681892425384224 0.06860783175040007 0.01673688391303789 -0.09356114682721511 0.06437610107947538 0.006766984470496399 
-0.11816204632051752 0.0837961667408449 0.03020312032556779 -0.06963569890719279 -0.0850713289816697 0.027490019228104554 -0.07015305868103562 -0.007944376642824387 0.0134898726876113 -0.012651709519829996 -0.11893124634390927 0.03932034030683959 0.059672336389893645 0.05599844468798103 0.039514460822019835 
-0.12841246562748257 0.0018853120820534503 0.03363614977000309 -0.1385404762552473 0.1264906865954608 0.011488238808251516 0.05607880457253881 -0.09380103393964989 0.015000844644264136 -0.02419758928396592 0.1581026960429492 0.016877344348908346 -0.02370997638205147 0.10609435858595537 0.016202831547838574 
-0.08363805419899699 0.10513494435146074 0.0052791135250889005 -0.06943673726923222 0.07205376842735073 0.023109408644000462 0.13038880536425712 0.14320019505356582 0.01226036623877089 -0.055914718438604474 -0.07800852685037407 0.03163888675187792 -0.14410059274409653 0.13335742168396575 0.036697851630437775 
0.15771702354907 -0.14380301489012548 0.025448463011792394 -0.11718020889699288 -0.028826840470303858 0.024110440713258532 -0.14180880142649308 -0.014954137031099279 0.009111662932882146 -0.08552626557118258 0.1579391836801653 0.018561047656544944 -0.15787836322392887 0.15080008153476163 0.034455279062862616 
0.11782830403804817 -0.06918279817001521 0.02595167383612529 -0.09732314816474782 -0.09835070865204493 0.011411517963441394 0.08108118487930499 0.06416767575464649 0.015027277200396108 -0.14362982912696062 -0.08791834824066906 0.006407027951214728 -0.023549816249574723 -0.13460041243970597 0.03880426255438066 
-0.11397132750688421 0.0852968974029331 0.029087895275789855 -0.10881843165767319 0.023034590905713116 0.009819235255537373 -0.14398442049360255 0.041598400238888604 0.006962944640885256 -0.09220532814960793 -0.1253288213908436 0.01312793205416346 -0.0019203412792794781 -0.01822623618142372 0.016665021068141283 
0.018897643883201386 -0.006899718223769168 0.01808162385447391 0.09943686381865985 0.11324764996989807 0.01615927649799007 0.06665439583343592 -0.08278075658707944 0.03232132338188414 0.06430210826126466 -0.10042962500342115 0.010705631223332897 -0.09693740523511023 0.0359956507354992 0.025618787330195188 
0.04918740597087844 0.1300115846936512 0.033502775410702755 0.045881698716441405 -0.0637148272668056 0.037827688129483936 -0.1134367793309423 0.04328245599198453 0.03774273785959005 -0.08207367727735017 -0.09540362335658299 0.026917586857529187 0.022219802845660552 -0.12774136445008746 0.019047395038825923 
