43.027643262574415
40.834063829721586
74.79715648561854
88.11679387242158
19.705673096778767
73.35832724699382
67.63918204169954
81.17136644303177
83.8218711148043
209.5506631536827
37.67173222447229
68.35177050200464
79.6567674507433
92.62698851893555
21.468351659554326
35.581689409662296
35.668994093405416
42.44411893126232
28.322163209004863
58.85600702143149
38.14128062140037
69.53404229190072
80.82291736335713
19.313296782266725
44.060495342974754
27.5736279349459
15.59490588633862
44.016940144829675
20.21526177404518
53.1246013270932
36.003908894758496
21.445253534520376
63.032311243570355
22.811115742982704
121.88440899050066
68.72668497785544
71.58510513434861
12.981595821231187
93.04931981786305
26.183316782205114
20.64582251030233
20.381913888115935
20.74718403512322
40.71483491381212
39.47515696651643
35.433964748352494
50.36572775077516
23.389795765874553
69.14280043751289
63.484720608959826
16.84844764032655
16.213936903577313
8.745025386100822
36.43768828395026
80.06243473327446
22.281621203716572
89.36005978036037
26.00310409413225
37.63487362691068
66.38156140544122
51.17406939034099
19.44819651230627
103.74899674965205
44.48694096155744
57.63656969838323
92.66845491476647
117.07195358646437
40.335266363774466
115.77080138833207
25.391247843447424
152.32348405439657
42.3832526503877
29.031942492235206
60.87045623697326
13.688951828527992
15.485582292209134
16.481407218634995
21.0503721690163
54.367007416468184
74.79214745425037
25.682143609610435
29.792283442018842
28.321221254777694
31.773875417079903
192.85840435405447
51.0959395825575
49.592323142600456
140.90189967841113
78.6798814252472
36.79295817056302
30.30218271408115
27.995944141450142
22.527623365364477
43.514456097217064
72.44992185178852
160.57038500842347
81.65137950512245
21.785291764491834
22.44569825544398
37.57236256383098
