0.28556999326284244
0.2515193314788139
0.41897821226734117
0.2844142930810557
0.24776822720959776
0.3294080072962292
0.25831694147036016
0.20002163425100444
0.3290697872895692
0.3289693291602528
0.23124078361536632
0.261467657640906
0.34971735487386696
0.22454027129056
0.40403301781233175
0.22472555493001095
0.22747585390860275
0.22292843858488204
0.3291078816697045
9.300792541616637
0.22356384096447787
0.27793773077894807
0.35978710500937233
0.23209797328311338
0.27379821688825884
0.19451894828893387
1.4993314592723403
0.22416562025207135
0.3932836577207499
1.4835849328534514
0.3297715903087428
1.387042352454664
0.3939394424552991
0.2473142241822837
0.23326592635315285
0.2242265204150644
0.23172087554253343
0.22397715153733733
0.22996712592684396
0.9815451400866999
1.3630855075398205
0.4113362245766988
0.19915289399070368
0.9812172497436601
0.4946362854333938
0.22940428952483574
0.23188334663520557
0.3466906501832378
0.2796965662087377
0.7920926189839448
0.22425916224458334
0.2253454985775538
0.3389937974593385
0.3290466308695051
0.24374005862090573
1.000000562383843
0.432596413538405
0.456889680698974
0.3290019471053735
0.41984048897117715
0.23425968699792218
0.23126165240566815
0.518004330124892
0.23664005446586206
0.21027063122534936
0.24612260949277306
0.22115765265758316
0.33012312095546165
0.22866495672800483
0.4927048284290358
0.999881748644918
0.27870069676488146
0.407916572160589
0.27325563597291574
0.32795784581250614
0.48061954465363094
0.22702433670326447
0.32954777428144977
0.5726059113925951
0.3289906856680455
1.0131215226738022
0.23609898171353996
0.2271322475564045
0.22405800651085991
0.4125782939455904
0.22675337479690727
0.25991678156228365
0.2266143935136592
0.2550967761128548
0.23906330244990268
0.31830873100530455
0.2223481311125157
