5.590963178524094
15.581991430787344
28.000812608496723
11.154493232975545
14.139569110825843
44.781438576132594
13.504133292914776
23.030171996814317
17.39045880524586
22.500412535610582
48.02474395427561
13.903610343859889
18.704711271412588
25.99269712586578
43.84739484297392
37.709575329749754
24.210719760293937
29.728760903254383
31.083319463575865
19.007831661236473
49.0907508958211
12.711915095420704
8.375054260409605
20.95063360588908
36.13224770743979
33.12841119080974
5.763267626005187
11.540363505872413
18.387641190130505
10.537248232496468
17.109671445705608
17.508026491862083
41.142832126881316
15.554610318327116
20.166066341585477
10.256246581070739
11.511332740891943
26.928634958335394
29.587659730315174
17.793789598732612
13.604574171335825
28.168189832473946
46.86741970919665
12.992914452614231
27.811849564684525
13.922103117369035
8.23116053230041
70.98517660433033
22.306435632917598
15.621489203458927
20.468121516811134
43.790554675466865
16.08982993460174
13.404353562604848
18.713789177290394
11.167235972176043
34.48438129740588
34.42721199920402
9.422953270939159
17.462737280942292
42.03223833858862
29.11284080905081
23.536979581079688
32.13475529742489
33.808820907250585
9.931170356393602
11.888864609769078
12.935538594999002
30.783514827876672
13.627530853189176
38.20709558956999
39.956750326893555
37.99054367809717
34.724855511419854
20.82112668033229
30.169052000424127
33.030326238163944
50.39253254146166
17.11589834874823
11.288627938768878
23.083692677601302
14.495436051766767
23.659363468914258
24.541042768430813
40.927695553922746
42.53206254078802
23.589761241678474
6.734418702936373
14.673229471198816
31.816303908283682
18.626072466126725
13.447839823611975
22.165771886674477
13.01980588739259
24.746136434276753
66.49811507322366
41.02397465981655
35.93572357226278
38.408031761555975
18.285500137733823
