-0.01630689489582447 -0.026274387514007416 0.02836626696617955 0.035213880530260776 0.022460361201276324 0.01260856140303557 -0.034010033241759434 -0.0043055033074867405 0.011503038571000103 0.05658015779995739 -0.086033435450451 0.030487294849769146 0.01793838633888924 0.03124235905680946 0.025860789729671325 
-0.08151496795021779 -0.09399954820684656 0.008980850466995973 -0.14181095015747866 -0.04901757273459179 0.03390954499023843 0.10782331447322067 0.10590507600019272 0.0267617983288823 -0.039481805148174655 0.1080853869510473 0.03015103821834204 -0.011351543979353888 0.13113399819517418 0.010528179770601736 
-0.14261070003610685 -0.03302048585543671 0.020998163602510195 -0.05419192045878237 -0.10366421212863221 0.024860483667443693 0.13399580835989058 0.03440366076461816 0.01500427831880436 -0.15699120997910293 -0.027499892144362527 0.028972379336254434 -0.02561192084653853 0.13493878605808474 0.026112305223707062 
0.04898600470287518 -0.014777933918923084 0.038178046059033716 0.0711660897522645 0.05935044998269971 0.02419532940131034 -0.04182733385932951 0.09171526833033927 0.03327046117258806 0.05022828477879451 0.08969777041298474 0.0194914845835021 -0.07782419172490301 0.15819276138793223 0.006193467203150482 
-0.14286052285674458 0.04656906413780299 0.010298826946872376 -0.13698848494942503 -0.1481519486084668 0.01696708206559041 0.013891363915436687 -0.044254234813415574 0.006699689474379068 0.05723255562133934 -0.018576482010244283 0.030910864714111478 -0.08566730867702889 -0.02943706916118232 0.030177911319256897 
-0.07959301878014827 0.08132968552792022 0.018076132341847764 -0.052774510196918006 0.042450776535465 0.013892344107261374 -0.028935127489977158 0.1597008813970903 0.0289042478125845 0.14107172986881147 0.10031074411562968 0.028729231579808914 0.049044757691240455 0.1470317473475413 0.02394580036830781 
-0.025501127501158793 0.10543497796499883 0.00910285200450253 -0.10646853248575022 -0.11248247352983902 0.019202952805122436 0.029195179769013882 0.15286200096862482 0.017673459310689345 0.016256886900733937 -0.14071668700002332 0.014854439850877149 -0.15917972772438008 -0.08550149874126661 0.014734146404282545 
-0.0969901722274697 0.07338481216300236 0.019879493320481573 0.1214467791839037 0.08348352136782503 0.010355012246979007 -0.06098666172942347 -0.049239339977051884 0.021156843239136417 0.11152991054480775 0.03914589804557363 0.033693608567934796 0.11027371338098932 0.10424937888385741 0.02374351235288095 
0.04019647128557838 0.11349757383344912 0.013631964244910186 0.07857729686613014 -0.15017875974085362 0.019439625262705384 0.14528523034993227 0.007534203398175417 0.023043128517870052 0.02200231626175287 -0.009108740908781453 0.021696146396333958 -0.10955132284145752 0.0974190064672402 0.012683025331896223 
-0.10964412830000916 -0.12729022462280948 0.025510402619459416 0.034645622514728455 -0.15378264840259206 0.022511348011435423 -0.08423048525519011 0.13390939272466681 0.019625660499915567 -0.0423565179117822 0.059301158101159615 0.037009807750207194 -0.12287660772100449 -0.06905398726485877 0.013168024149698782 
0.12575041911802246 0.10337730232392715 0.014645768776741577 -0.017592682331733316 -0.1297315365383517 0.038569261241186203 -0.07181707825155095 0.10219638192609301 0.008627100635062824 -0.08539024898983784 0.15624933318656395 0.029257805947339625 0.1183314762910194 -0.02518780348343495 0.018140929486365434 
-0.1398109243832463 -0.01495845393082573 0.01948949832767786 -0.1416323804972571 0.13691458476432347 0.028478278060090165 0.011975452716091142 -0.13787330156375782 0.005468720680761242 0.14386052360948462 0.05664882144207353 0.027698948677384382 0.019269657651910924 0.054965572822371474 0.018958980803590306 
-0.07871888415779454 -0.044359684382088385 0.026194056617192416 -0.07135182596139031 0.13226218500372597 0.029643032024107042 -0.06252425177316874 0.059631475821496756 0.02711977778017833 0.12014787883566794 0.04528302310539239 0.036930146946044254 -0.03258992588572921 -0.12359002304670873 0.037145037456063484 
0.07242009729056997 0.10107662780310633 0.018014390336267398 -0.13493798970627277 -0.07625059140886171 0.03811867744590118 0.12370251223007771 -0.02058462983107629 0.02242495616043063 0.014199260600024506 -0.02240902605249125 0.005497498061993383 -0.14665827557048086 -0.10745315174953378 0.01919409762059672 
0.11066793070616392 0.147285060681707 0.01800116515704744 0.050233613328194794 0.04567055769014822 0.02836043219735527 -0.005311800534736786 0.06277686962295184 0.00909159880282172 -0.08669180435840414 0.13378124338393146 0.038625754844355036 -0.1344261544651595 0.0468746194333404 0.029925332780569216 
0.1594726115082909 -0.14079937584614532 0.007828708025710375 0.07134987702581841 -0.0008469984865945409 0.019510555956880983 0.10240118194301039 0.019264287790435642 0.02469991711695186 -0.11008791967337281 0.08084417376476309 0.02094136611064758 0.09530742656492736 -0.14349156649418096 0.031679227789137114 
-0.13112189561161752 0.04840366979486932 0.034639225551884936 -0.1442473351421996 0.08036624446937905 0.01383148681952983 -0.12616338202007107 -0.14388354679560938 0.027865427033530465 0.10634983001710946 0.14861571594985484 0.01799588830847015 -0.045749450707580255 -0.07151273804672613 0.019335948151461075 
-0.014247971656437954 0.11877047136234965 0.026757051557931986 0.11174786937592412 -0.15701477960767307 0.021566508635339494 -0.024457037864874777 0.10055754214741777 0.02453740323983109 0.1368899925722145 -0.10559419637156862 0.020284481652330464 -0.1147806491339742 0.14611182326388727 0.009546373508623583 
-0.1379979185268433 -0.12874552531466713 0.025600772184030545 -0.14805001706171814 0.020961652788140453 0.038890583373004634 0.15328573914565982 -0.14962921036556856 0.00912519781646327 0.0902513300841785 0.10674839454276101 0.006868970387992218 -0.13378415964711743 -0.04914500841610255 0.013939062253507396 
-0.07569949869571 -0.09358226539327939 0.03778310525711359 0.0696320917995674 -0.11000056004448329 0.017775390141960404 -0.08442664879100534 -0.08631878426908826 0.028713407785650517 0.10659906232203384 0.08234664438477218 0.03172238854187028 -0.14228711999749444 -0.03516785732541623 0.009660195457326461 
-0.12121944052705523 -0.14426894908564517 0.02834895217762089 0.04843398330243635 -0.0649958246189056 0.03622856262817966 0.09606942372098548 -0.011560153632937444 0.017539099624645945 -0.11771049516073334 -0.1484454937921236 0.024563848692910988 -0.10207465102937788 -0.1055984164248862 0.02908975826987127 
-0.04446042273078969 0.0457902128831663 0.012086993664748425 0.10251677096898446 0.022364270645369905 0.030241433487143577 -0.0853782605844571 -0.060175451505259527 0.02803769053795365 0.12130216824782337 0.011451127008044662 0.034337174723183865 0.013184274159842555 -0.028887549236103042 0.02199225277702296 
0.07976404757699897 0.03315248243557606 0.03944425461408541 -0.06018741917263893 0.13174254990671555 0.008548179963063481 -0.09503544053451608 0.08068848031642029 0.03489761890137514 0.1123928186405512 0.04525503144047622 0.020597723218960848 -0.14400066229733344 0.05634315587955008 0.03830054162128621 
-0.13267252436008156 0.05143344991023283 0.005717026522158289 -0.07730536842910118 0.0991552996881712 0.0197989841491912 0.01653489023295313 -0.1504504874216113 0.03480381166794364 -0.011998675159636575 -0.08368459287218627 0.022353263772755254 -0.15849824703436943 -0.13057914304243629 0.009167331693436765 
-0.12642945870123296 -0.1171471376808525 0.03359520372073414 -0.10431358261292749 0.07850256516660933 0.023845993550162575 -0.12834256553837836 -0.032389476067547406 0.01040969288004849 0.11488190157874617 -0.04566517656879815 0.013614287306178712 -0.09689346870468613 -0.14923393812364294 0.021168300893447393 
-0.09481602859684371 -0.13711664010001623 0.03877046523326552 -0.002699244450092772 0.0889586840283631 0.03368872311800563 0.14985164328780481 -0.0785792779753116 0.01184558841807362 0.10356006633829262 0.04375612808101112 0.00748014632064906 -7.519862511964849e-05 -0.03882717101646429 0.02180413801559655 
-0.015431808326821814 0.025813842113029804 0.024776935384850422 0.09085043665343048 -0.08307057011802879 0.020079481108191088 -0.10540836695627968 -0.02849914069657897 0.02242313376502681 0.005206455107437689 0.08843746375551953 0.005969542314187261 0.0036026282932302054 0.058200202775139716 0.03588103593382278 
0.06376987558376297 -0.007971935987729516 0.013080043726263129 -0.03691881829555236 0.12360894143491279 0.017097444216679067 -0.053796624312817946 0.11216302887303074 0.033010878604246535 0.1394627104403337 0.014476629608015094 0.010117585195481444 -0.038897999601389385 -0.007505698069160842 0.028404141696162625 
-0.0199363691286612 0.0991101585482513 0.03222564313189094 0.08157120348253158 -0.12884256012190765 0.02784558792992858 0.012505750367963185 0.02540567902126526 0.029822080749180538 0.04787266082285234 -0.07016863692682325 0.022409845238305796 -0.04838348129518448 -0.007311262514696717 0.026131967583373935 
-0.09436909342439989 -0.05145749981931949 0.014751147411350907 -0.1060852300267301 0.1025722137975405 0.012130037548579801 0.13477111533023545 0.047340955956052866 0.023034414958536715 -0.04480208406743852 -0.11993727269897932 0.033524804059433304 -0.12322131034572868 0.10487674801996878 0.006135199477915986 
-0.03095454193771894 0.09679347290624797 0.009236884850407167 0.0700552095425945 0.14518100637230127 0.01509666855758062 -0.1333907098838931 -0.04940019361168613 0.021923559741399222 0.09701372742822807 0.09606027548891195 0.026533179302840968 0.025810587070643275 -0.13253600903400237 0.03325906083031736 
-0.03891265956165755 -0.14403205885330814 0.013776738651455825 0.0908363418629545 0.12648049880052933 0.01678935510183388 -0.06732036804758197 0.05765267099565245 0.025376516840638446 -0.1092271450164328 -0.04241026389773058 0.005595109002843976 0.12056878059350251 0.022036001372191583 0.03680439903256533 
0.04679928994886587 -0.0020581876182807148 0.03965212469475694 0.14613151719568 0.13732982747757075 0.029344456422468485 -0.04610868154796419 0.05067513043715732 0.037903087549003324 0.12713144799577275 0.01733300648352543 0.038617033916722075 0.15038063089437936 0.05165046649179551 0.025340133711587845 
0.10101421977947166 0.0035966676463104873 0.0187797369544745 0.03639220803132183 -0.033185209628550316 0.029580422558197494 0.14178351624212546 -0.013744560180249828 0.03282441835445754 0.0664453812970831 -0.12749203313227928 0.01084337900072322 0.011764462901823204 -0.05305104805112976 0.027157294944277342 
-0.027567957522944123 0.11381678455652287 0.03765468577915283 0.08297951299792948 -0.12787409181014014 0.014650146580758645 -0.024909317606011564 -0.0703044521179869 0.03147361418815951 0.08818944706761622 0.09784317262880123 0.012085804397625743 -0.007008960634858314 -0.0024298015133149193 0.007014179479928893 
0.04858921468735896 0.019111928243799578 0.02072423920540929 0.1034651881351525 -0.012197821767876363 0.03086687608382147 -0.14043522973047268 0.08916457494749959 0.018224079726885153 0.022443727761882998 -0.0032044935565016404 0.019864193824386076 0.07577913058358406 -0.0735232578643406 0.00915915046390262 
-0.03337244277658147 0.12643730233425887 0.016182122750449952 -0.0435938046647951 0.10893100380005036 0.007324655986250377 -0.1194864211185709 -0.05975435048070638 0.03534203232818339 0.07531176847859308 -0.09680814861268813 0.02666854328976256 -0.12027931253194052 0.07081948231253042 0.029979558432917754 
0.08556184549148146 0.132284468711205 0.016797342206708765 0.08073653290919003 -0.0703769015955348 0.009040920007398156 0.12474921948561192 0.13670747727919538 0.013890478925548573 0.10055466282481625 -0.06983200210137648 0.026949301924333605 0.0922316883144178 0.04658744671904666 0.02430145332659151 
0.049694476893240934 0.15842994580950062 0.029580364687176983 0.12738431307313353 -0.07618301960320042 0.0243767243805825 -0.07595021354079737 -0.053464708683636945 0.013922702070841618 0.004752449870385812 -0.024795531937214798 0.016318358576361366 -0.07190947394586696 -0.15140183697875556 0.036961734646275134 
-0.07317442123359426 -0.10979256524682127 0.017991255337358302 -0.09769195647257213 -0.08082806257114546 0.017744108248690445 0.031366788153426785 -0.14154805587216399 0.027690581468177596 0.13542840672481177 0.02778012344535207 0.03195241605734136 -0.05206106541712013 -0.07875793154122565 0.03681136137149932 
-0.025116560439317922 0.03462028870516583 0.038107588454477793 -0.052697717625115964 0.043885230332569664 0.015539129529018406 -0.15906541003718838 -0.054465969598730166 0.02888126456953702 -0.09083379950638996 0.06833884366692064 0.012151175598249764 0.11261156024592214 0.04304571531325721 0.020322780537823857 
-0.08414263148230311 0.13799769582429547 0.027814087762863166 0.05057852012847124 -0.13210927559654176 0.015169364083684562 0.1522843301249348 -0.10054919584207697 0.03283131402786457 -0.09364652798167224 -0.15725455867296165 0.00931736076327539 0.019845323878846167 -0.04710912680498649 0.03851033297053904 
0.14799404565366836 -0.12131756278915187 0.0332405289064198 -0.009203601800007245 -0.06687405838001718 0.034617776839858276 0.1154140647003251 0.04940276422547454 0.02835935108498412 0.14274949509136986 0.013754082685492396 0.018019942785192092 0.10520290166661923 0.05447342505507481 0.025373804016674228 
0.02609973014873618 0.0886809611593418 0.0052376852662488335 0.04009379681530627 0.08608701737774499 0.017088872984199185 0.006890770382307799 0.0010140164403380143 0.01724196231125982 -0.14257628672196762 0.04405465014613531 0.023225663940539397 -0.05180637713709909 -0.0952902011380038 0.02897338283855725 
0.00792683597865995 -0.06985244110239693 0.027941134443126785 0.1520286192218071 0.10393542034206114 0.005021548275433283 -0.10326949325551908 0.15964200317530375 0.005802030007395639 -0.03837267667037148 0.13490667632129072 0.03678006796891342 -0.08511598739685493 0.03356263277441828 0.035134646667526054 
0.01560356877656303 -0.029210537576000038 0.038604516187570846 -0.013320546975852911 0.026671096769985858 0.005921172855013152 -0.11957023019277782 0.06099988426368861 0.007276434495892502 -0.10919150250588965 -0.1501377131178776 0.018421243132137485 -0.028045341193745472 -0.040945171393809696 0.02035472173787026 
-0.05579859664816549 -0.0954030542944359 0.018999321693302335 0.06609697835413414 0.07640148560352601 0.02465016358521149 -0.05111447924923803 0.004548438172825422 0.025097107746410795 0.03888244166816563 -0.0746843730246747 0.010435580054803408 0.05237515864558597 -0.00015434062687878696 0.023423337681011538 
-0.15193043372066287 -0.1324611867887589 0.02236060939120735 -0.07695547237463397 0.018785543049599417 0.03637518621575887 0.13960878015622621 -0.13999848505063328 0.026844318059124676 -0.06763609885532142 0.059016335740736475 0.03402396004619439 -0.11850532365820579 -0.144813922502754 0.037251950425865425 
0.030817233603356434 -0.08157065083289003 0.00770769952845249 0.0722802757961223 0.030565695094695283 0.02244049518715159 -0.003318394364942007 -0.08085657120763481 0.02264873453121027 -0.1277363304382167 -0.11730276059226008 0.03630486397570535 -0.06822423734625001 -0.09878439613538936 0.03155167481701738 
0.08675746986693324 -0.11539263485083119 0.031075178158098703 -0.07502020404391099 -0.004849561039263104 0.027685142765438268 -0.09436540767448866 0.09742124070957972 0.03382718996683518 -0.08302664149265365 -0.02431673402339409 0.03721988307297755 -0.09486729479903354 0.1217707506663318 0.01717773620406926 
0.10868897049909544 -0.06594006727995386 0.008816102760289015 -0.05263787889459337 0.13286850427088237 0.021891428479342848 0.06571346435263298 0.15187799345732195 0.014010172652125976 0.03751716045658497 0.14373932741915024 0.019355614109187572 -0.0171998911183629 -0.05323955505719864 0.038868037939309784 
0.0534931949982281 0.15871960273687727 0.0270669243300113 0.0016611667304867427 -0.046546642141605345 0.014509059381555467 -0.06392686902288547 -0.11146797772857484 0.007579693060763262 -0.06372571575265759 -0.028560573643963083 0.020546649578135203 0.14487910131620987 0.13440049636752532 0.03935570202949087 
-0.004478682927786002 -0.02494021699194832 0.0252035622186322 -0.11003859137216532 -0.10358527747032989 0.03353261720654327 -0.030903861008997332 -0.025526780940667612 0.010041748856889302 0.06012863656889599 0.04838874940459465 0.008034939888013001 -0.13888688151540202 -0.07489828557115698 0.013948525478717614 
0.04782705465661055 -0.0055493809181962174 0.02010900492631054 0.08445608016162527 -0.05956428405520503 0.01030156696782654 0.08108625643784499 -0.15831003669888788 0.022163752372306233 0.10246611626417966 0.016696525886753032 0.027376384051159202 0.10287513375027407 0.032050109612537014 0.024401661289508346 
0.12104359876897705 -0.0470927656542949 0.007400981507480566 0.022083582309281456 -0.08378073193340546 0.01380302232134305 -0.054340308541640056 -0.15519881360402585 0.015394846199501565 -0.15469043618053238 -0.029372589110207806 0.031527061159646264 0.13520257987317297 -0.10466093939839632 0.008292151800079292 
-0.03999237785039071 0.020794384431708293 0.008000406662727022 -0.05209121349289491 0.09480417091754906 0.020374598807038957 -0.06304234995620288 0.04117474061604274 0.031012726986883867 -0.04384653856771168 0.13755959941458099 0.014929058305275515 -0.052246280550269024 0.03334593909703083 0.010325348466667533 
-0.13017395076337265 0.15193915741085998 0.0180869093511287 -0.0042686485929010805 0.055714526589040955 0.031495041085928946 -0.10641517351132591 -0.15854733240374527 0.022369324766637805 0.12492548560021753 0.15029554265685063 0.014690441143643486 0.10828519761434298 -0.15862766599074513 0.03519798277741177 
-0.03649380578326518 0.1542453549081556 0.03863192625118183 0.15432815103476802 0.05824641481327132 0.011948318756010249 -0.03784153635648508 0.13423654137804739 0.005432963956560062 0.07973590338192367 0.04616885643275786 0.02657385467274403 -0.06540186828293497 0.05623436946102591 0.006045954371632638 
-0.09778370140763284 -0.1050974633787505 0.012576044249077082 0.03731108302774029 -0.05429146691794894 0.025556422984675378 0.0767215085997124 0.03371711536211234 0.03959394316406993 -0.04725327863014358 0.12134241071487671 0.0077728175561285456 0.01610929222329732 0.047425703166577356 0.03174505179971315 
0.11119962102314751 -0.13149928183909834 0.017660917789413557 -0.05099278299814575 -0.04918440761899392 0.029053046774872512 -0.021642062787161888 -0.14077775493301 0.025040648578809308 0.06895788014663014 0.12168306039483975 0.010333678917985466 -0.11048146576791662 -0.04588098461880955 0.03222845282193856 
-0.12328259924773712 -0.06639656034711913 0.012300955515026406 0.1594364731583699 0.11821003152757101 0.021159217215077106 0.09126094541707268 0.009945787320663946 0.022613909018991747 0.014099275353726464 0.11801161896736159 0.0331774385021203 0.10232558647458079 -0.136974298229129 0.03590843350630351 
0.017840032320591385 -0.03520870398194786 0.03401245832107728 0.023969481873815812 -0.10519892112040981 0.03305606029522719 -0.05220767170112083 0.03235606453543352 0.011730903283866286 0.09994249102914393 0.12595132387450023 0.03143079700119592 -0.033235824639368944 0.06261366987424362 0.022937607652102676 
0.1086294403958616 0.0077077715419509 0.012891141006105857 0.005317795626056188 -0.1473923535883894 0.035891087576462095 0.15916398843098878 0.12256947000535942 0.012986223601328032 0.1073181167248436 -0.04502471197959588 0.00924425046752039 0.05436430487836253 0.0787701731929788 0.009349834547082445 
-0.10994839605438031 -0.11701779242251781 0.033854316231065815 -0.09149963508663152 0.05134578121075116 0.013561951152373752 -0.06556138765679433 -0.1282519291763281 0.008153133622330737 -0.15233910086076624 -0.049387548303677545 0.013867180280621 -0.0827814979609299 0.13614132539340512 0.02744025500269997 
-0.06696068281614054 -0.016606274051306914 0.00844913212675441 -0.0919152331981382 -0.15458809913987998 0.03097902312060094 -0.1208628007249723 -0.1237281962348425 0.03213940481511525 -0.14941010680896197 0.070952335987862 0.028306336559241137 0.15626525348187686 0.06078420515415991 0.012968534975584567 
-0.027532167202457863 -0.13450181603095554 0.021191825695775084 0.07975848620736388 -0.1210133050103382 0.008271868980686992 -0.12966639479761433 -0.0812049600875368 0.010579273543514312 -0.056678727486195526 -0.07748709290559407 0.005686668895794384 -0.02475871218848481 0.030353848365110712 0.020563852395564915 
-0.1001226318155259 0.12944076638022928 0.009073779245850283 -0.0828548070358769 -0.09797507149627893 0.011234647839808362 -0.05788920220521059 -0.15021331056194787 0.02455814918469764 0.12681040539868296 -0.03432279910975158 0.0052616776000900915 0.006828924600628598 0.11065977011848392 0.009833208662484562 
0.1292090340789066 -0.028488892551035483 0.039180990934607966 -0.12380306626592384 -0.057967088773113344 0.0393777345263407 0.01214496762485781 -0.05776164726919156 0.018092986825312476 -0.09073268484336033 0.038414355917304036 0.024022215614516205 -0.0542105070524385 -0.006417438893227267 0.0056823622067765514 
-0.11606678430899735 0.05263409877466317 0.012030072195335079 -0.053765759983405416 0.04278120285736825 0.01927795164272432 -0.03825701768566049 0.02231002410735203 0.01810418932855913 -0.07461134212597872 0.14241802152648184 0.030969535704780882 -0.04742993452343204 -0.07042703125920427 0.007190370722389363 
0.15507532885080483 0.08434997165988124 0.008164876473217886 -0.027713143374184453 -0.03875615432714992 0.02066573530565414 -0.08933657085560581 0.09943944876576148 0.015191854611216474 0.12682525060045305 -0.10915002879551353 0.01456353026807875 0.0001456069913539503 0.021518882263997015 0.032910726461784626 
-0.07690723545395325 -0.09833428631020939 0.02160175762312901 0.14050412947079619 0.11215380544354962 0.02487030663074319 0.08841122477922439 0.09734404312090696 0.03614923961285839 -0.13974820910341482 -0.021334537287122247 0.03956816545876073 0.1562590243855636 -0.09941693922600564 0.008604728543497475 
0.15983753372031653 0.1233700711073799 0.03127711363111082 0.13682392540796842 0.149742729973872 0.014284506177621123 0.07213222916285947 0.02423175191061268 0.011326455257753549 -0.10787790934193976 -0.09974815234318454 0.009213870890309915 0.029635531241321757 -0.06283200959350947 0.01228308959452887 
0.12385635071248866 0.12235479776607207 0.01862608256961068 0.1322509162795792 0.10025942999980383 0.0274783106915902 0.01118012723312437 0.1520478205618604 0.02847667303497764 0.0041560097306917254 0.09836951433931541 0.010224079526565582 0.1139387469170957 -0.058630933134073984 0.027353346756504787 
0.008260869203190767 -0.08349806080075059 0.006424979209328768 -0.06603226045274484 0.02397297106547731 0.026522427822497596 0.15895157260271386 0.11304956900309147 0.03217983504837791 -0.06744283131330235 0.11388068184414245 0.0358795314780974 -0.020353419460130626 0.09848917157785289 0.015117559800575645 
0.002261015266255383 0.09029941535131078 0.0108986055266055 0.15655833580902023 0.0014889970639782233 0.038038890998790646 -0.12234729087881799 0.10827561589357367 0.014913336290695014 -0.00337736455043052 -0.00022646191461891976 0.031307837851759605 0.00923843038887626 0.06343517817282582 0.0367822340192193 
-0.12396210030810592 0.08160734576175095 0.03592420431117332 -0.10275113747073752 0.07754292751002846 0.03029617410686684 0.15807228902865914 0.09340208231193692 0.03922439641154195 -0.05957798985991188 -0.04300881879498517 0.0099362729359595 0.0045194075644644695 -0.11639045396660606 0.03813878482520743 
-0.01915506937559808 0.14103056960662058 0.01338008261588306 0.08666590322351558 0.13087746948830578 0.03336036701152873 0.13535745397697205 0.056516609663968626 0.01855334470797395 0.15396392286682153 0.08673363967229593 0.02351380227262429 -9.970114718534124e-05 0.07306133624789113 0.02088124345068926 
-0.11644164083438223 0.12100875868721644 0.02968044897350875 0.06014378741027766 -0.039378668941575934 0.010967703426581118 -0.09011101454795631 0.0569045811646666 0.03822012021435446 0.10198309315816456 0.14199889014142877 0.033251850659259154 -0.014521501767135845 -0.04680388871694149 0.019531683810560002 
-0.11844098310844034 0.06391119486267735 0.0090804487787971 0.06572643678483082 -0.042415344262977155 0.03018645170418693 0.10244479346367896 0.14592566214793493 0.0076765890326427 -0.13180683027710147 0.11818941434744247 0.0164073433345213 -0.15057467374375938 -0.029361773040991856 0.03192050616406 
0.1094105180087422 -0.05945661581338788 0.014535322615836543 -0.11021807485122515 -0.038145620130903814 0.024008409165412636 -0.05696617089891206 0.14774170869747139 0.012334522100286554 0.09045684799808493 -0.09002692739534524 0.024873437779768234 -0.05065262342407298 0.04285615360060112 0.011072217006355418 
0.08442996232201652 -0.13303147878869614 0.03432765239532185 0.02652855367876129 -0.06270365557697428 0.03387795709824315 -0.04756821613518259 -0.02514425275041444 0.015340628666534649 -0.07433530377292868 0.13734701154769155 0.01692832284568554 0.03210827676648548 0.0974553914452624 0.011202048515481912 
-0.04947287123768407 0.041750618552327416 0.029058210561781636 0.02656601863081472 0.04731122075394621 0.014249988483539939 -0.12992441361619345 -0.10046232667721308 0.032513262416332685 -0.03284859741462045 -0.052765543235446806 0.007642129083607658 0.021686965217813884 0.09824351539210319 0.013057271470130584 
0.0655984085046271 0.023633464384989974 0.01669766743047006 0.11787295695278248 -0.12736759216024057 0.02264526112794636 0.08419076794090445 -0.06325335370858777 0.005201874447100454 0.02445781375724578 -0.09653912884412368 0.014651207576215847 -0.15687051418232162 -0.15179413251002943 0.011434180262910517 
0.13067825565442892 -0.07145618701842371 0.03328482570373251 0.08031731063001583 -0.06597891822945263 0.022487753271420118 -0.03319352983426593 -0.027098915355840556 0.03146642995636014 -0.07989894797694373 -0.13966624964319854 0.024786228993829488 0.10735661935196153 -0.057158582045167564 0.02378299255288462 
-0.09829481652006944 0.05444736662536174 0.03600950776106638 0.15645469991458655 0.15148563732420636 0.026220297809282266 -0.1422098520327131 -0.1398478399207282 0.019359484595956163 0.10868826297382769 -0.06841510482155462 0.036867496392238144 -0.029321303677435632 0.06763938288056898 0.0066439209842097235 
0.1587682294861598 -0.10265037038846878 0.03760970525896605 0.006602940104075694 -0.13658380995327074 0.038600488432653214 0.1574044712184143 -0.025799594039472754 0.017291416223274333 -0.11597085426457863 -0.008190021822683245 0.03522614631170988 -0.010169675040506412 -0.09780247897620069 0.02834262978175207 
-0.11696718440473242 -0.07702721676024744 0.033373921952554876 0.0020989321489199033 0.14235414686750295 0.01839518322516564 -0.1579681543819234 0.08939847237287436 0.024123272042946092 -0.08540046812537361 -0.1536740579688211 0.013207357189223478 0.09033880877795211 -0.10019663890148688 0.029241818304588003 
-0.037721241374289005 -0.04906375163145386 0.019250573329290314 -0.1357465543807928 -0.06714478970392365 0.013646555774284341 0.04215765768628917 -0.03986202674491729 0.018387630687697665 -0.05355571810559675 0.050527716082585564 0.027736616654476576 -0.14888186860979655 0.09847016339332348 0.016530151433151445 
0.01641473825180283 -0.1306523622561771 0.008865746289448336 0.009099529892556657 -0.1194919990983297 0.006977799352072111 0.016305724188726296 0.0566111533204972 0.031914882267350925 -0.04033657424064016 -0.052192464595723194 0.005522362125882934 -0.13761759606492913 0.116835918091019 0.03206847739712811 
-0.1533081860546934 0.06789151959296658 0.015727972508644415 0.13926709160848477 -0.10326185920112754 0.011443700181501665 -0.01472477940916114 -0.018821772830061607 0.02675520028181857 -0.11311935700923685 -0.006869898069760818 0.024395312535287893 0.14659697955194217 0.096930937818135 0.02982967081617452 
0.14832601141351026 -0.07493619476181156 0.005343238886495533 -0.06915745127035595 0.09167297276223604 0.024906121737263698 -0.008605373988597058 -0.05117157758492878 0.010251770616885975 0.06744660272213053 -0.10120893159408934 0.011691231913688484 -0.14043875694383468 -0.07182713757488991 0.02865056349250614 
0.03774721405560209 0.0712296464640432 0.029670493002206276 0.052460646803681954 -0.023019487781484892 0.011298421345202715 -0.06419688900398725 -0.04873798821689817 0.0161529815010153 0.1200453346106156 -0.046949157653555756 0.03591189551375925 -0.03455742853851112 -0.0308277816769589 0.006621952709629942 
-0.06587437569331701 -0.11872964018486248 0.037828654770195334 0.01594324993129911 0.12373536905024746 0.03615785215156801 0.12249011180596941 0.045977584057712156 0.020719889905449478 0.06769352166621216 -0.023802616484474546 0.01193074334816096 0.030332039898889027 0.034728594218507505 0.012331681751007345 
0.09078070343257576 -0.0009353450610310424 0.017666897775482096 0.1485824795788257 -0.022174182681655868 0.023048648348145143 0.05362743736777786 -0.14906195815200518 0.022068183255395446 0.118071484897568 0.032978149476870236 0.010811029223875038 0.09434855242034583 -0.038267554106337365 0.005457389023498977 
0.10708131659695465 0.019738054818495263 0.02657153869371869 -0.13690398915340088 0.0971917485029221 0.018397336918319608 -0.07834880893256059 -0.04796040764254718 0.028401670528273148 -0.04908104463561532 0.08183975212774927 0.03545249303838222 0.1496254558825779 0.0841395635789746 0.03386108211800313 
-0.023507725976004423 0.13541799457778436 0.020116056260221442 -0.15320105899817696 -0.1586447430448206 0.01124206957552921 0.08423124849736427 0.04168703317438372 0.027968266838894033 0.14292138997103418 0.15238625242590464 0.03910460331322055 -0.13494883329125437 0.013791151590850991 0.008682810774337897 
-0.046254082972751076 0.05371117216508487 0.03372698620807055 0.021508145439219875 -0.010860875611273475 0.037561741597591514 -0.09588655530864473 0.15150671640269378 0.027982340196902367 -0.15208502882953212 0.11589092827705623 0.025058412913392548 -0.14850267606298942 0.012132244245732542 0.03186461132148482 
-0.14778563702506942 -0.041608489698275165 0.031710752638142416 -0.0021346063720538897 -0.10720770076846002 0.005204791164761442 -0.15181729908174368 0.11615175298557871 0.009004226163216996 -0.15823395330919604 -0.06061563346673616 0.02332432255555368 -0.1287179443524508 -0.038317731626518366 0.008749692711680735 
0.013154544271535474 0.10849720114407253 0.008433394537985577 -0.07979005536153239 0.022134380707384375 0.039687739059774886 -0.0323102947329443 0.0074779971230501535 0.027720185489584756 0.08653819786622129 0.14812781905780215 0.039348363615732435 -0.07694388580000604 -0.06422234424335604 0.022990620630166193 
0.14744337708897576 -0.13518552322628632 0.015453814846751558 -0.02475835114353805 0.0656334435987524 0.010949485739400128 -0.001705035243150536 0.08065182398723901 0.008259931030600055 -0.05026133727305857 0.0777661215748869 0.02967509305845036 -0.04446721497246193 0.11090984782486707 0.02637092204003468 
