0.774924963042817
0.6847997782220447
0.736183463958648
0.7865321006978068
0.6951575009971677
0.8853267366663449
0.667967985797576
0.7723995399780704
0.7927737752895773
0.8017925596287376
0.7442118566258329
1.0000168033755696
0.9866460187418533
1.348587359260424
0.9103232209485536
0.9684043764970668
1.0384503136489323
0.780786285595438
0.8974626253319504
0.7724080201930681
0.7518872235257389
0.9540998950868642
0.9213983759597026
0.8639015515461952
0.7099077487586354
1.1318668158653296
0.7864632639658958
1.2937070240905468
1.2896851944894003
1.1290091148296257
0.9542457134212129
0.9717275181174694
0.7187349031330816
0.9401224132879915
0.724948972402037
0.8886296078285976
0.6841460928212493
0.8287446875169119
0.8750339005990415
0.963389457367958
0.8239540105983202
1.0103000316217843
0.7628883883279556
0.9731714122969454
0.8627709357484457
1.1794847687567018
0.9859678031102859
0.695192058295414
0.9874957160990325
0.7735142509095527
0.6508579220968824
0.8745016073687981
0.8745224015769594
1.0531826057964215
0.7157569324365157
0.9519953171185302
0.9711923869188419
0.9964148249603111
0.7898307926709296
0.8662860814328078
0.9008398160392596
1.0000061827101634
0.8124962323521121
0.9515608983123534
1.0616152572298705
0.8811319806636833
0.8486478016293295
0.9344874320953198
0.8195148880354388
1.186780255361471
0.7577252024638063
1.000010025335084
1.0595171173814728
0.7411660735007279
0.8831370104008518
0.8113726380525276
0.872318508769523
0.9734101965041775
0.8000331143072617
1.0169389654670666
1.070072548604552
0.7844876512121974
1.1516413799535412
0.7684176597232357
0.8340094482943596
0.8208357387421075
0.8099171091113606
0.857269135152715
1.0000771154602905
1.1386012463916673
0.9191107924908749
0.6571139382278195
0.8779964755666558
0.8858639698204458
0.9085784669045991
0.8090477447161329
1.0168063820492772
0.8593342884718702
0.759005872687435
0.8502267569489519
