0.4545613288141612
0.5940069622855632
0.49441156085184995
0.4454568515161528
0.4603609598201186
1.0000519408487047
0.45727169310963495
0.4610626525442934
1.1163971728238065
0.7225474199404216
0.4617614431304885
1.0000019204070936
1.0642587021762324
0.6406250152737263
0.9999847220005652
0.5352115377972239
1.0014704584484664
0.4523978527863688
1.0002650922800806
0.42950292882915947
0.4564201089327892
0.9985024990916098
0.41227510207080464
0.4025590048683253
0.47161624636201854
0.8834102965336725
0.4416953417575727
1.287748253994811
0.634688481689447
0.6407919452480123
1.0478962936250389
1.0000785781280743
0.34424810671690226
1.0012086821281239
0.4278299862149846
0.9891269990124594
0.4884948996534019
0.3524205943387624
1.0001911746520058
1.000395183404892
0.44294194867681497
0.9953187079336828
0.4492269579632199
1.1808101964645508
0.44677544994758034
0.6410320820608045
0.49169833091874077
0.4460715114139629
0.9937638856016584
0.34877875116878826
0.4209831681597845
1.002292323820742
0.8807566200031017
0.6814311858143742
0.47580786442800993
1.0060565097815484
1.0056562357830907
1.0291046565221624
0.45104698612451805
0.9510917491138203
1.0360772881552358
1.0000001821246922
0.4195714306215675
0.9996678374518151
0.9728002211034498
0.5921131531327147
0.41621916357609845
1.0290932848263434
0.451485450062235
0.9780533903153635
0.4594390207404358
1.0000016695769411
0.7084778184121098
0.47203795942394045
1.0006342907205588
0.33441189652409425
0.3345518925962984
1.0036745663820072
0.4489008024815546
1.0318266535732559
0.9797969299305285
0.430016812582338
0.4524133527383721
0.4511876479443307
0.3714964646606729
0.34759387427489097
1.0597183164123283
0.3965399554933466
1.0000057197000873
1.0696911090058467
0.43889049608050434
0.5107426365058901
0.999968691629659
0.9997939715921842
1.0076712668643528
0.4711665740892356
0.38352484671366377
0.3512484118520449
0.4732429894365927
0.40148009283292185
